6.469358
2.3383842
-0.49480182
-2.2177413
-3.0179744
-3.0830424
-2.600486
-1.7578456
-0.7426623
0.25752345
1.0556589
1.5367968
1.7336528
1.6970234
1.477705
1.126494
0.69418687
0.23157999
-0.2105302
-0.5813473
-0.83128494
-0.94434065
-0.94164187
-0.8462376
-0.68117684
-0.46950862
-0.23428181
0.0014545543
0.21465151
0.38226005
0.48316112
0.51670474
0.49456933
0.42860293
0.33065352
0.212569
0.08619738
-0.036613386
-0.14401534
-0.22416052
-0.26757762
-0.2767791
-0.25804582
-0.2176602
-0.16190457
-0.097061254
-0.029412594
0.034759067
0.089171395
0.12754789
0.14605637
0.14707957
0.13397343
0.11009389
0.07879687
0.043438297
0.0073741036
-0.026039774
-0.053447407
-0.07154172
-0.07909968
-0.07771749
-0.069191486
-0.055317983
-0.037893306
-0.018713783
0.00042425987
0.017724501
0.031390615
0.03973345
0.042573743
0.040848345
0.035520285
0.027552592
0.017908292
0.007550412
-0.0025580206
-0.01145398
-0.018174438
-0.021905955
-0.02279039
-0.021345308
-0.018089175
-0.01354046
-0.008217627
-0.002639145
0.0026765207
0.0072109033
0.010445598
0.012028823
0.01213866
0.011058275
0.009070831
0.0064594937
0.0035074265
0.00049779506
-0.0022862363
-0.004561503
-0.0060470044
-0.0066192015
-0.00641599
-0.0055999137
-0.0043335166
-0.002779343
-0.0010999368
0.0005421582
0.0019843976
0.0030642375
0.003626255
0.0036526362
0.0032500322
0.0025295797
0.0016024152
0.0005796751
-0.00042750448
-0.001307987
-0.0019506362
-0.0022443153
-0.0020974278
-0.0015779535
-0.000831795
-5.3826875e-6
0.0007548532
0.0013024824
0.0014910747
0.0011741997
0.00020542734
-0.0015616728
-0.6807977
-0.011830193
0.42060885
0.65246856
0.719698
0.6582462
0.50406235
0.29309544
0.06129457
-0.15539117
-0.32111052
-0.41446295
-0.44364136
-0.42046225
-0.35674205
-0.26429722
-0.15494424
-0.04049957
0.06722033
0.156399
0.21550708
0.24098398
0.23807926
0.21249846
0.16994701
0.11613046
0.05675428
-0.0024760321
-0.055854976
-0.09767706
-0.12271716
-0.13084516
-0.12499967
-0.1081615
-0.08331144
-0.05343026
-0.021498768
0.009502252
0.036592007
0.056789707
0.0677133
0.0699997
0.06523524
0.05500657
0.04090035
0.024503235
0.007401888
-0.008817031
-0.022566862
-0.032262426
-0.03693606
-0.037190225
-0.03387325
-0.027833454
-0.019919166
-0.010978712
-0.0018604142
0.006587401
0.013516408
0.018090636
0.020000957
0.019650955
0.017494807
0.013986688
0.0095807705
0.0047312304
-0.00010775812
-0.0044820206
-0.007937382
-0.010046767
-0.010764854
-0.0103285285
-0.008981287
-0.0069666295
-0.004528054
-0.0019090603
0.0006468538
0.0028961892
0.0045954473
0.005538952
0.0057625724
0.005397176
0.004573856
0.0034237078
0.002077825
0.00066730194
-0.00067676697
-0.0018232873
-0.0026411805
-0.0030414988
-0.0030692704
-0.0027960935
-0.0022935662
-0.0016332871
-0.0008868546
-0.00012586694
0.00057807745
0.0011533803
0.0015289902
0.0016736706
0.0016222883
0.0014159427
0.0010957331
0.000702759
0.00027811975
-0.00013708524
-0.0005017566
-0.000774795
-0.00091690157
-0.000923572
-0.00082177325
-0.00063960627
-0.00040517197
-0.00014657128
0.00010809487
0.0003307256
0.00049321994
0.00056747696
0.00053033634
0.0003989868
0.00021032004
1.3610141e-6
-0.00019086525
-0.00032933374
-0.00037701943
-0.00029689734
-5.194247e-5
0.00039487024
0.20758836
-0.017427256
-0.14813434
-0.20017424
-0.18918833
-0.13081798
-0.04070454
0.06551061
0.1721861
0.2636806
0.32439902
0.34558818
0.33250606
0.29212636
0.23142266
0.15736866
0.076937966
-0.002895758
-0.07515888
-0.13287775
-0.16925864
-0.18250075
-0.1763235
-0.15473196
-0.1217312
-0.081326276
-0.037522275
0.0056757387
0.044262696
0.07423353
0.091925286
0.097303666
0.09251992
0.07975531
0.06119113
0.039008655
0.015389159
-0.007486076
-0.027435774
-0.042278655
-0.05027305
-0.051893897
-0.04831321
-0.04070325
-0.030236268
-0.018084535
-0.005420311
0.0065841456
0.016756572
0.023925802
0.027377252
0.027557274
0.025094012
0.020615604
0.014750189
0.00812591
0.0013709057
-0.004886682
-0.010018714
-0.013406197
-0.014820308
-0.014560046
-0.01296187
-0.010362244
-0.0070976284
-0.0035044856
8.072264e-5
0.0033215347
0.005881489
0.0074441987
0.007976104
0.0076527107
0.00665443
0.0051616714
0.0033548446
0.0014143587
-0.00047937644
-0.0021459514
-0.0034049563
-0.004104005
-0.004269676
-0.00399893
-0.0033888998
-0.0025367157
-0.0015395087
-0.00049441
0.0005014494
0.0013509383
0.0019569374
0.0022535431
0.002274118
0.0020717112
0.0016993725
0.001210151
0.00065709604
9.325698e-5
-0.0004283168
-0.000854576
-0.0011328766
-0.0012400745
-0.0012020036
-0.0010491156
-0.0008118623
-0.00052069564
-0.00020606729
0.0001015709
0.00037176715
0.0005740697
0.00067936076
0.00068430306
0.0006088772
0.00047390405
0.0003002044
0.00010859917
-8.009086e-5
-0.00024504482
-0.0003654419
-0.00042046123
-0.00039294257
-0.00029562166
-0.00015583262
-1.0084124e-6
0.00014141797
0.00024401354
0.00027934538
0.00021998043
3.848578e-5
-0.00029257155
-0.093583606
0.011122759
0.069419675
0.08960975
0.07999558
0.048879765
0.0045649176
-0.044646364
-0.09045148
-0.12454782
-0.13866013
-0.12855381
-0.098268956
-0.052858908
0.002623018
0.063123494
0.12358921
0.17896684
0.22420304
0.2542445
0.26418728
0.2532726
0.22532457
0.18440449
0.13457367
0.07989338
0.024424935
-0.027770381
-0.07263127
-0.10609645
-0.12447764
-0.1280431
-0.11944408
-0.10136459
-0.07648864
-0.047500223
-0.017083356
0.012077957
0.03729971
0.055897903
0.06573731
0.06744984
0.06253757
0.052502923
0.038848292
0.023076084
0.006688708
-0.008811433
-0.021921933
-0.03114179
-0.035557047
-0.035746366
-0.032522146
-0.026696777
-0.019082654
-0.01049217
-0.0017377189
0.006368306
0.013013511
0.01739734
0.019224226
0.018881736
0.016805926
0.013432853
0.009198574
0.004539148
-0.00010936995
-0.004310922
-0.0076294513
-0.009654923
-0.010343906
-0.009923969
-0.008629037
-0.0066930307
-0.004349874
-0.0018334888
0.00062220136
0.002783274
0.0044158064
0.005322213
0.0055369646
0.0051857987
0.004394671
0.0032895373
0.001996353
0.0006410742
-0.0006503435
-0.0017519443
-0.0025377874
-0.0029224122
-0.0029490835
-0.0026865953
-0.0022037413
-0.001569316
-0.0008521131
-0.00012092667
0.0005554493
0.0011082208
0.0014691196
0.0016081324
0.0015587608
0.0013604945
0.0010528236
0.00067523785
0.00026722724
-0.00013171842
-0.0004821092
-0.00074445526
-0.00088099675
-0.0008874057
-0.00078959315
-0.0006145596
-0.00038930555
-0.00014083146
0.00010386215
0.00031777477
0.0004739059
0.000545255
0.0005095688
0.00038336279
0.00020208403
1.3076844e-6
-0.00018339114
-0.0003164373
-0.00036225564
-0.0002852711
-4.9908434e-5
0.00037940743
0.047960166
-0.006163505
-0.035945084
-0.04582365
-0.04023827
-0.023628013
-0.0004319589
0.024910824
0.047961265
0.06428029
0.06944449
0.061344642
0.0426107
0.016452897
-0.013918526
-0.04529333
-0.07446128
-0.098212145
-0.11333568
-0.116621636
-0.104972094
-0.07840597
-0.040388126
0.0054382235
0.055429876
0.10594363
0.15333627
0.1939646
0.22418542
0.24035552
0.23922233
0.2216766
0.19110455
0.1509267
0.10456359
0.05543575
0.006963712
-0.037431996
-0.074330844
-0.10031231
-0.1127129
-0.11268638
-0.10258695
-0.084769204
-0.061587777
-0.03539728
-0.008552334
0.016592441
0.03768243
0.052365243
0.059222393
0.059209928
0.053655718
0.04388764
0.031233566
0.01702137
0.0025789228
-0.0107659
-0.021685226
-0.028870594
-0.031841654
-0.031238291
-0.027779918
-0.02218594
-0.015175765
-0.007468801
0.00021554496
0.0071578645
0.0126387505
0.015981758
0.017115714
0.01641687
0.01427197
0.0110677555
0.00719097
0.0030283548
-0.0010333466
-0.004607392
-0.0073070396
-0.008805633
-0.0091602355
-0.008578831
-0.00726976
-0.0054413653
-0.0033019884
-0.0010599712
0.0010763439
0.0028986149
0.004198524
0.0048347153
0.004878763
0.0044444706
0.0036456427
0.002596083
0.0014095955
0.00019998428
-0.00091894675
-0.0018333936
-0.002430422
-0.0026603825
-0.0025786972
-0.002250695
-0.001741704
-0.0011170532
-0.00044207138
0.00021791301
0.00079757127
0.0012315747
0.0014574568
0.001468058
0.0013062434
0.0010166804
0.0006440367
0.00023297973
-0.00017182287
-0.0005257036
-0.00078399497
-0.00090202934
-0.0008429924
-0.0006342065
-0.0003343125
-2.1631367e-6
0.00030338872
0.00052349025
0.0005992887
0.0004719311
8.256473e-5
-0.0006276632
-0.025411159
0.0033248554
0.01909214
0.024266278
0.021222847
0.012337426
-1.4404642e-5
-0.0134570645
-0.025614973
-0.034112554
-0.036582742
-0.031916734
-0.021582486
-0.0073634717
0.008956842
0.025594983
0.04076748
0.052690867
0.05958167
0.059656423
0.051201407
0.034438983
0.011732002
-0.014445908
-0.041621126
-0.06732003
-0.08906898
-0.10439437
-0.110822566
-0.10587995
-0.08741264
-0.056658268
-0.016897116
0.028562443
0.07641204
0.123343304
0.16604787
0.20121735
0.2255434
0.23571762
0.2292912
0.20814918
0.17553957
0.1347108
0.08891138
0.04138976
-0.004605581
-0.045826167
-0.07902353
-0.10095254
-0.109765954
-0.107170835
-0.0954308
-0.07680946
-0.05357044
-0.027977359
-0.0022938338
0.021216515
0.04029007
0.052696813
0.057639968
0.056261614
0.04984146
0.039659213
0.02699458
0.013127266
-0.00066301966
-0.013096572
-0.022893684
-0.028851327
-0.0308467
-0.029555537
-0.025672283
-0.019891392
-0.012907314
-0.005414498
0.0018926056
0.0083195465
0.013171876
0.015863115
0.01649633
0.01544578
0.013086368
0.009793002
0.005940588
0.0019040322
-0.0019417595
-0.0052218805
-0.007561469
-0.008706178
-0.00878489
-0.0080024935
-0.006563875
-0.0046739206
-0.002537518
-0.00035955478
0.0016550826
0.0033015069
0.0043763965
0.0047903704
0.00464322
0.004052572
0.003136055
0.0020112959
0.0007959223
-0.00039243832
-0.0014361584
-0.0022176104
-0.0026243206
-0.0026433982
-0.0023520263
-0.0018306329
-0.0011596463
-0.0004194946
0.00030939418
0.00094659184
0.0014116702
0.0016242013
0.0015178974
0.0011419551
0.0006019636
3.893381e-6
-0.0005462849
-0.00094260066
-0.0010790832
-0.00084976194
-0.00014866622
0.0011301746
0.013571034
-0.0017829939
-0.010202135
-0.012958007
-0.011322228
-0.0065664174
3.7807327e-5
0.007218828
0.013705026
0.018224785
0.01951106
0.016972777
0.011403163
0.0037649467
-0.0049791434
-0.013866379
-0.021934032
-0.028219374
-0.03175968
-0.031592213
-0.02679283
-0.017508036
-0.005068049
0.009135656
0.023711601
0.037268315
0.04841432
0.055758137
0.057908297
0.05347332
0.041265633
0.022260297
-0.0012650689
-0.027014945
-0.052693807
-0.07600614
-0.094656415
-0.106349126
-0.108788736
-0.09967973
-0.07744922
-0.044167966
-0.003052594
0.04267988
0.08981243
0.13512802
0.17540964
0.20744027
0.22800286
0.23388429
0.22349894
0.19939929
0.16478586
0.1228591
0.07681951
0.02986757
-0.01479623
-0.05397141
-0.08445748
-0.103105545
-0.108966835
-0.10406889
-0.09065053
-0.07095055
-0.04720777
-0.021660987
0.0034509823
0.025889331
0.043415252
0.053926144
0.05723825
0.05458627
0.04723815
0.036461845
0.023525305
0.009696484
-0.0037566705
-0.015566205
-0.024464168
-0.029380407
-0.030507939
-0.028536573
-0.024157312
-0.018061155
-0.010939108
-0.003482168
0.003618662
0.009672381
0.013988069
0.0160971
0.016237723
0.014788381
0.012127514
0.008633564
0.0046849726
0.00066018006
-0.0030623714
-0.0061042407
-0.0080898795
-0.00885423
-0.008581716
-0.0074897073
-0.005795577
-0.0037166977
-0.0014704408
0.0007258218
0.0026547178
0.0040988754
0.0048504462
0.004885618
0.004347038
0.0033833515
0.0021432028
0.0007752371
-0.00057190086
-0.0017495662
-0.002609114
-0.0030018995
-0.0028054118
-0.0021105784
-0.0011125501
-7.1830714e-6
0.0010096666
0.0017421425
0.0019943884
0.001570548
0.0002747654
-0.002088816
-0.0072622746
0.00095503486
0.005460189
0.006934029
0.006057395
0.0035111278
-2.3931963e-5
-0.0038669438
-0.0073370673
-0.009753461
-0.010437738
-0.009073728
-0.00608705
-0.0019941484
0.0026885313
0.007444544
0.011757445
0.015110789
0.01698813
0.016873023
0.014269831
0.009260376
0.0025649224
-0.005063228
-0.012870774
-0.020104412
-0.026010843
-0.029836765
-0.030828873
-0.028233865
-0.021411804
-0.010925072
0.0019397783
0.015886245
0.029617824
0.041838013
0.051250305
0.056558203
0.056465197
0.04967479
0.035355005
0.015016134
-0.009094956
-0.034731127
-0.05964524
-0.08159015
-0.09831873
-0.10758384
-0.107138336
-0.09473839
-0.06951959
-0.034124922
0.0082534
0.054423172
0.1011922
0.14536826
0.18375917
0.21317272
0.23041669
0.2323594
0.21845019
0.19162998
0.15508752
0.112011574
0.06559089
0.01901423
-0.02452965
-0.061851993
-0.08976404
-0.105287716
-0.108412944
-0.101323664
-0.08625524
-0.06544304
-0.041122437
-0.015528804
0.00910249
0.030536074
0.04653658
0.055222716
0.056974452
0.05306107
0.04475401
0.033324677
0.020044507
0.0061849165
-0.0069826706
-0.018186832
-0.026156291
-0.030030163
-0.030252546
-0.027526354
-0.0225545
-0.016039895
-0.008685453
-0.0011940844
0.0057312963
0.0113877775
0.015077823
0.016495166
0.015983162
0.013946414
0.010789526
0.0069171
0.00273374
-0.0013559504
-0.004947368
-0.007635909
-0.009034702
-0.009099492
-0.008095924
-0.0063008084
-0.003990955
-0.0014431749
0.0010657227
0.0032589273
0.0048596286
0.0055910167
0.005224952
0.003930787
0.002071973
1.3274246e-5
-0.0018805441
-0.0032447171
-0.00371448
-0.0029250674
-0.0005117151
0.0038903423
0.0038903423
-0.0005117151
-0.0029250674
-0.00371448
-0.0032447171
-0.0018805441
1.3274246e-5
0.002071973
0.003930787
0.005224952
0.0055910167
0.0048596286
0.0032589273
0.0010657227
-0.0014431749
-0.003990955
-0.0063008084
-0.008095924
-0.009099492
-0.009034702
-0.007635909
-0.004947368
-0.0013559504
0.00273374
0.0069171
0.010789526
0.013946414
0.015983162
0.016495166
0.015077823
0.0113877775
0.0057312963
-0.0011940844
-0.008685453
-0.016039895
-0.0225545
-0.027526354
-0.030252546
-0.030030163
-0.026156291
-0.018186832
-0.0069826706
0.0061849165
0.020044507
0.033324677
0.04475401
0.05306107
0.056974452
0.055222716
0.04653658
0.030536074
0.00910249
-0.015528804
-0.041122437
-0.06544304
-0.08625524
-0.101323664
-0.108412944
-0.105287716
-0.08976404
-0.061851993
-0.02452965
0.01901423
0.06559089
0.112011574
0.15508752
0.19162998
0.21845019
0.2323594
0.23041669
0.21317272
0.18375917
0.14536826
0.1011922
0.054423172
0.0082534
-0.034124922
-0.06951959
-0.09473839
-0.107138336
-0.10758384
-0.09831873
-0.08159015
-0.05964524
-0.034731127
-0.009094956
0.015016134
0.035355005
0.04967479
0.056465197
0.056558203
0.051250305
0.041838013
0.029617824
0.015886245
0.0019397783
-0.010925072
-0.021411804
-0.028233865
-0.030828873
-0.029836765
-0.026010843
-0.020104412
-0.012870774
-0.005063228
0.0025649224
0.009260376
0.014269831
0.016873023
0.01698813
0.015110789
0.011757445
0.007444544
0.0026885313
-0.0019941484
-0.00608705
-0.009073728
-0.010437738
-0.009753461
-0.0073370673
-0.0038669438
-2.3931963e-5
0.0035111278
0.006057395
0.006934029
0.005460189
0.00095503486
-0.0072622746
-0.002088816
0.0002747654
0.001570548
0.0019943884
0.0017421425
0.0010096666
-7.1830714e-6
-0.0011125501
-0.0021105784
-0.0028054118
-0.0030018995
-0.002609114
-0.0017495662
-0.00057190086
0.0007752371
0.0021432028
0.0033833515
0.004347038
0.004885618
0.0048504462
0.0040988754
0.0026547178
0.0007258218
-0.0014704408
-0.0037166977
-0.005795577
-0.0074897073
-0.008581716
-0.00885423
-0.0080898795
-0.0061042407
-0.0030623714
0.00066018006
0.0046849726
0.008633564
0.012127514
0.014788381
0.016237723
0.0160971
0.013988069
0.009672381
0.003618662
-0.003482168
-0.010939108
-0.018061155
-0.024157312
-0.028536573
-0.030507939
-0.029380407
-0.024464168
-0.015566205
-0.0037566705
0.009696484
0.023525305
0.036461845
0.04723815
0.05458627
0.05723825
0.053926144
0.043415252
0.025889331
0.0034509823
-0.021660987
-0.04720777
-0.07095055
-0.09065053
-0.10406889
-0.108966835
-0.103105545
-0.08445748
-0.05397141
-0.01479623
0.02986757
0.07681951
0.1228591
0.16478586
0.19939929
0.22349894
0.23388429
0.22800286
0.20744027
0.17540964
0.13512802
0.08981243
0.04267988
-0.003052594
-0.044167966
-0.07744922
-0.09967973
-0.108788736
-0.106349126
-0.094656415
-0.07600614
-0.052693807
-0.027014945
-0.0012650689
0.022260297
0.041265633
0.05347332
0.057908297
0.055758137
0.04841432
0.037268315
0.023711601
0.009135656
-0.005068049
-0.017508036
-0.02679283
-0.031592213
-0.03175968
-0.028219374
-0.021934032
-0.013866379
-0.0049791434
0.0037649467
0.011403163
0.016972777
0.01951106
0.018224785
0.013705026
0.007218828
3.7807327e-5
-0.0065664174
-0.011322228
-0.012958007
-0.010202135
-0.0017829939
0.013571034
0.0011301746
-0.00014866622
-0.00084976194
-0.0010790832
-0.00094260066
-0.0005462849
3.893381e-6
0.0006019636
0.0011419551
0.0015178974
0.0016242013
0.0014116702
0.00094659184
0.00030939418
-0.0004194946
-0.0011596463
-0.0018306329
-0.0023520263
-0.0026433982
-0.0026243206
-0.0022176104
-0.0014361584
-0.00039243832
0.0007959223
0.0020112959
0.003136055
0.004052572
0.00464322
0.0047903704
0.0043763965
0.0033015069
0.0016550826
-0.00035955478
-0.002537518
-0.0046739206
-0.006563875
-0.0080024935
-0.00878489
-0.008706178
-0.007561469
-0.0052218805
-0.0019417595
0.0019040322
0.005940588
0.009793002
0.013086368
0.01544578
0.01649633
0.015863115
0.013171876
0.0083195465
0.0018926056
-0.005414498
-0.012907314
-0.019891392
-0.025672283
-0.029555537
-0.0308467
-0.028851327
-0.022893684
-0.013096572
-0.00066301966
0.013127266
0.02699458
0.039659213
0.04984146
0.056261614
0.057639968
0.052696813
0.04029007
0.021216515
-0.0022938338
-0.027977359
-0.05357044
-0.07680946
-0.0954308
-0.107170835
-0.109765954
-0.10095254
-0.07902353
-0.045826167
-0.004605581
0.04138976
0.08891138
0.1347108
0.17553957
0.20814918
0.2292912
0.23571762
0.2255434
0.20121735
0.16604787
0.123343304
0.07641204
0.028562443
-0.016897116
-0.056658268
-0.08741264
-0.10587995
-0.110822566
-0.10439437
-0.08906898
-0.06732003
-0.041621126
-0.014445908
0.011732002
0.034438983
0.051201407
0.059656423
0.05958167
0.052690867
0.04076748
0.025594983
0.008956842
-0.0073634717
-0.021582486
-0.031916734
-0.036582742
-0.034112554
-0.025614973
-0.0134570645
-1.4404642e-5
0.012337426
0.021222847
0.024266278
0.01909214
0.0033248554
-0.025411159
-0.0006276632
8.256473e-5
0.0004719311
0.0005992887
0.00052349025
0.00030338872
-2.1631367e-6
-0.0003343125
-0.0006342065
-0.0008429924
-0.00090202934
-0.00078399497
-0.0005257036
-0.00017182287
0.00023297973
0.0006440367
0.0010166804
0.0013062434
0.001468058
0.0014574568
0.0012315747
0.00079757127
0.00021791301
-0.00044207138
-0.0011170532
-0.001741704
-0.002250695
-0.0025786972
-0.0026603825
-0.002430422
-0.0018333936
-0.00091894675
0.00019998428
0.0014095955
0.002596083
0.0036456427
0.0044444706
0.004878763
0.0048347153
0.004198524
0.0028986149
0.0010763439
-0.0010599712
-0.0033019884
-0.0054413653
-0.00726976
-0.008578831
-0.0091602355
-0.008805633
-0.0073070396
-0.004607392
-0.0010333466
0.0030283548
0.00719097
0.0110677555
0.01427197
0.01641687
0.017115714
0.015981758
0.0126387505
0.0071578645
0.00021554496
-0.007468801
-0.015175765
-0.02218594
-0.027779918
-0.031238291
-0.031841654
-0.028870594
-0.021685226
-0.0107659
0.0025789228
0.01702137
0.031233566
0.04388764
0.053655718
0.059209928
0.059222393
0.052365243
0.03768243
0.016592441
-0.008552334
-0.03539728
-0.061587777
-0.084769204
-0.10258695
-0.11268638
-0.1127129
-0.10031231
-0.074330844
-0.037431996
0.006963712
0.05543575
0.10456359
0.1509267
0.19110455
0.2216766
0.23922233
0.24035552
0.22418542
0.1939646
0.15333627
0.10594363
0.055429876
0.0054382235
-0.040388126
-0.07840597
-0.104972094
-0.116621636
-0.11333568
-0.098212145
-0.07446128
-0.04529333
-0.013918526
0.016452897
0.0426107
0.061344642
0.06944449
0.06428029
0.047961265
0.024910824
-0.0004319589
-0.023628013
-0.04023827
-0.04582365
-0.035945084
-0.006163505
0.047960166
0.00037940743
-4.9908434e-5
-0.0002852711
-0.00036225564
-0.0003164373
-0.00018339114
1.3076844e-6
0.00020208403
0.00038336279
0.0005095688
0.000545255
0.0004739059
0.00031777477
0.00010386215
-0.00014083146
-0.00038930555
-0.0006145596
-0.00078959315
-0.0008874057
-0.00088099675
-0.00074445526
-0.0004821092
-0.00013171842
0.00026722724
0.00067523785
0.0010528236
0.0013604945
0.0015587608
0.0016081324
0.0014691196
0.0011082208
0.0005554493
-0.00012092667
-0.0008521131
-0.001569316
-0.0022037413
-0.0026865953
-0.0029490835
-0.0029224122
-0.0025377874
-0.0017519443
-0.0006503435
0.0006410742
0.001996353
0.0032895373
0.004394671
0.0051857987
0.0055369646
0.005322213
0.0044158064
0.002783274
0.00062220136
-0.0018334888
-0.004349874
-0.0066930307
-0.008629037
-0.009923969
-0.010343906
-0.009654923
-0.0076294513
-0.004310922
-0.00010936995
0.004539148
0.009198574
0.013432853
0.016805926
0.018881736
0.019224226
0.01739734
0.013013511
0.006368306
-0.0017377189
-0.01049217
-0.019082654
-0.026696777
-0.032522146
-0.035746366
-0.035557047
-0.03114179
-0.021921933
-0.008811433
0.006688708
0.023076084
0.038848292
0.052502923
0.06253757
0.06744984
0.06573731
0.055897903
0.03729971
0.012077957
-0.017083356
-0.047500223
-0.07648864
-0.10136459
-0.11944408
-0.1280431
-0.12447764
-0.10609645
-0.07263127
-0.027770381
0.024424935
0.07989338
0.13457367
0.18440449
0.22532457
0.2532726
0.26418728
0.2542445
0.22420304
0.17896684
0.12358921
0.063123494
0.002623018
-0.052858908
-0.098268956
-0.12855381
-0.13866013
-0.12454782
-0.09045148
-0.044646364
0.0045649176
0.048879765
0.07999558
0.08960975
0.069419675
0.011122759
-0.093583606
-0.00029257155
3.848578e-5
0.00021998043
0.00027934538
0.00024401354
0.00014141797
-1.0084124e-6
-0.00015583262
-0.00029562166
-0.00039294257
-0.00042046123
-0.0003654419
-0.00024504482
-8.009086e-5
0.00010859917
0.0003002044
0.00047390405
0.0006088772
0.00068430306
0.00067936076
0.0005740697
0.00037176715
0.0001015709
-0.00020606729
-0.00052069564
-0.0008118623
-0.0010491156
-0.0012020036
-0.0012400745
-0.0011328766
-0.000854576
-0.0004283168
9.325698e-5
0.00065709604
0.001210151
0.0016993725
0.0020717112
0.002274118
0.0022535431
0.0019569374
0.0013509383
0.0005014494
-0.00049441
-0.0015395087
-0.0025367157
-0.0033888998
-0.00399893
-0.004269676
-0.004104005
-0.0034049563
-0.0021459514
-0.00047937644
0.0014143587
0.0033548446
0.0051616714
0.00665443
0.0076527107
0.007976104
0.0074441987
0.005881489
0.0033215347
8.072264e-5
-0.0035044856
-0.0070976284
-0.010362244
-0.01296187
-0.014560046
-0.014820308
-0.013406197
-0.010018714
-0.004886682
0.0013709057
0.00812591
0.014750189
0.020615604
0.025094012
0.027557274
0.027377252
0.023925802
0.016756572
0.0065841456
-0.005420311
-0.018084535
-0.030236268
-0.04070325
-0.04831321
-0.051893897
-0.05027305
-0.042278655
-0.027435774
-0.007486076
0.015389159
0.039008655
0.06119113
0.07975531
0.09251992
0.097303666
0.091925286
0.07423353
0.044262696
0.0056757387
-0.037522275
-0.081326276
-0.1217312
-0.15473196
-0.1763235
-0.18250075
-0.16925864
-0.13287775
-0.07515888
-0.002895758
0.076937966
0.15736866
0.23142266
0.29212636
0.33250606
0.34558818
0.32439902
0.2636806
0.1721861
0.06551061
-0.04070454
-0.13081798
-0.18918833
-0.20017424
-0.14813434
-0.017427256
0.20758836
0.00039487024
-5.194247e-5
-0.00029689734
-0.00037701943
-0.00032933374
-0.00019086525
1.3610141e-6
0.00021032004
0.0003989868
0.00053033634
0.00056747696
0.00049321994
0.0003307256
0.00010809487
-0.00014657128
-0.00040517197
-0.00063960627
-0.00082177325
-0.000923572
-0.00091690157
-0.000774795
-0.0005017566
-0.00013708524
0.00027811975
0.000702759
0.0010957331
0.0014159427
0.0016222883
0.0016736706
0.0015289902
0.0011533803
0.00057807745
-0.00012586694
-0.0008868546
-0.0016332871
-0.0022935662
-0.0027960935
-0.0030692704
-0.0030414988
-0.0026411805
-0.0018232873
-0.00067676697
0.00066730194
0.002077825
0.0034237078
0.004573856
0.005397176
0.0057625724
0.005538952
0.0045954473
0.0028961892
0.0006468538
-0.0019090603
-0.004528054
-0.0069666295
-0.008981287
-0.0103285285
-0.010764854
-0.010046767
-0.007937382
-0.0044820206
-0.00010775812
0.0047312304
0.0095807705
0.013986688
0.017494807
0.019650955
0.020000957
0.018090636
0.013516408
0.006587401
-0.0018604142
-0.010978712
-0.019919166
-0.027833454
-0.03387325
-0.037190225
-0.03693606
-0.032262426
-0.022566862
-0.008817031
0.007401888
0.024503235
0.04090035
0.05500657
0.06523524
0.0699997
0.0677133
0.056789707
0.036592007
0.009502252
-0.021498768
-0.05343026
-0.08331144
-0.1081615
-0.12499967
-0.13084516
-0.12271716
-0.09767706
-0.055854976
-0.0024760321
0.05675428
0.11613046
0.16994701
0.21249846
0.23807926
0.24098398
0.21550708
0.156399
0.06722033
-0.04049957
-0.15494424
-0.26429722
-0.35674205
-0.42046225
-0.44364136
-0.41446295
-0.32111052
-0.15539117
0.06129457
0.29309544
0.50406235
0.6582462
0.719698
0.65246856
0.42060885
-0.011830193
-0.6807977
-0.0015616728
0.00020542734
0.0011741997
0.0014910747
0.0013024824
0.0007548532
-5.3826875e-6
-0.000831795
-0.0015779535
-0.0020974278
-0.0022443153
-0.0019506362
-0.001307987
-0.00042750448
0.0005796751
0.0016024152
0.0025295797
0.0032500322
0.0036526362
0.003626255
0.0030642375
0.0019843976
0.0005421582
-0.0010999368
-0.002779343
-0.0043335166
-0.0055999137
-0.00641599
-0.0066192015
-0.0060470044
-0.004561503
-0.0022862363
0.00049779506
0.0035074265
0.0064594937
0.009070831
0.011058275
0.01213866
0.012028823
0.010445598
0.0072109033
0.0026765207
-0.002639145
-0.008217627
-0.01354046
-0.018089175
-0.021345308
-0.02279039
-0.021905955
-0.018174438
-0.01145398
-0.0025580206
0.007550412
0.017908292
0.027552592
0.035520285
0.040848345
0.042573743
0.03973345
0.031390615
0.017724501
0.00042425987
-0.018713783
-0.037893306
-0.055317983
-0.069191486
-0.07771749
-0.07909968
-0.07154172
-0.053447407
-0.026039774
0.0073741036
0.043438297
0.07879687
0.11009389
0.13397343
0.14707957
0.14605637
0.12754789
0.089171395
0.034759067
-0.029412594
-0.097061254
-0.16190457
-0.2176602
-0.25804582
-0.2767791
-0.26757762
-0.22416052
-0.14401534
-0.036613386
0.08619738
0.212569
0.33065352
0.42860293
0.49456933
0.51670474
0.48316112
0.38226005
0.21465151
0.0014545543
-0.23428181
-0.46950862
-0.68117684
-0.8462376
-0.94164187
-0.94434065
-0.83128494
-0.5813473
-0.2105302
0.23157999
0.69418687
1.126494
1.477705
1.6970234
1.7336528
1.5367968
1.0556589
0.25752345
-0.7426623
-1.7578456
-2.600486
-3.0830424
-3.0179744
-2.2177413
-0.49480182
2.3383842
6.469358
