8.0762615
-10.589534
-0.7659704
5.771701
1.5456586
-2.993623
-1.8301568
1.1083808
1.4659315
-0.07384841
-0.9122296
-0.30576953
0.43271238
0.3366869
-0.12078883
-0.24556126
-0.026612844
0.13864836
0.06754722
-0.056683015
-0.06021458
0.009402228
0.03971409
0.009339854
-0.020765334
-0.012204084
0.00851656
0.009391977
-0.0034776528
-0.0059048887
0.004261184
-0.00080940936
-0.56348443
2.880436
-0.095495544
-1.724179
-0.40675098
0.9053499
0.5402288
-0.334732
-0.43780616
0.022781663
0.27280343
0.091317296
-0.12941091
-0.10065786
0.036123786
0.0734224
0.007955776
-0.041456074
-0.020196421
0.016948301
0.018004144
-0.002811284
-0.011874515
-0.0027926136
0.006208836
0.0036490208
-0.002546452
-0.0028082014
0.0010398183
0.0017655619
-0.0012740941
0.00024201341
0.14621559
-0.7648204
0.83619195
1.3104364
0.17563616
-0.72328347
-0.39919016
0.26635554
0.3363261
-0.019305816
-0.21047062
-0.07014593
0.099861
0.07758712
-0.027874164
-0.056613863
-0.006130943
0.031966675
0.015572664
-0.013068777
-0.013882682
0.0021677832
0.009156261
0.0021533351
-0.004787542
-0.002813704
0.0019635311
0.0021653618
-0.0008017883
-0.0013613983
0.0009824348
-0.0001866129
-0.061878137
0.32520938
-0.4256759
-0.349722
0.6021378
1.0680093
0.42055854
-0.3952567
-0.4328635
0.03517702
0.27607852
0.09026691
-0.13109946
-0.101366006
0.036587738
0.07407802
0.008002124
-0.04183404
-0.02037533
0.017102703
0.018166412
-0.002836978
-0.011981741
-0.0028177777
0.0062649082
0.0036819624
-0.0025694477
-0.0028335566
0.0010492076
0.0017815036
-0.0012855983
0.00024419863
0.031139713
-0.1638697
0.22403891
0.1440788
-0.34812614
-0.38299376
0.3487179
0.9694675
0.65680736
-0.13186882
-0.4624302
-0.13829
0.22046554
0.16682045
-0.061484445
-0.122754745
-0.013111025
0.06937033
0.033755314
-0.028359424
-0.030112648
0.0047047315
0.019862166
0.0046707187
-0.010385399
-0.0061035473
0.00425939
0.0046971804
-0.0017392741
-0.002953196
0.0021311352
-0.00040480786
-0.016441133
0.08654709
-0.11955851
-0.07190247
0.18916327
0.17982526
-0.23348789
-0.4456815
0.07447783
0.80893356
0.857212
0.15777716
-0.4224138
-0.29111767
0.11752425
0.22102013
0.022414736
-0.12527782
-0.06070759
0.051209226
0.054290507
-0.008499428
-0.035819583
-0.00842066
0.018729445
0.011006767
-0.0076814885
-0.008470814
0.003136617
0.0053257556
-0.0038432677
0.00073002646
0.008760897
-0.046121262
0.063866444
0.037795734
-0.10146025
-0.09301682
0.13033834
0.22770551
-0.0871009
-0.43172956
-0.18631871
0.56406677
0.9544449
0.45494032
-0.27034095
-0.40517545
-0.03146229
0.23275138
0.11075596
-0.09509411
-0.10013427
0.01581539
0.06614544
0.015529237
-0.034589026
-0.020322027
0.01418543
0.015641486
-0.0057921344
-0.009834199
0.0070967786
-0.0013480292
-0.004691151
0.024696723
-0.03421761
-0.020174634
0.05440957
0.049462654
-0.07051629
-0.12071327
0.052413195
0.23041807
0.06491049
-0.33894238
-0.37425423
0.27332726
0.90533483
0.72185975
-0.02247127
-0.445303
-0.19549538
0.18162462
0.18572523
-0.030468008
-0.12333129
-0.028787097
0.06451497
0.03786385
-0.026454128
-0.02915652
0.0107994685
0.018332332
-0.013229778
0.0025129912
0.0025129912
-0.013229778
0.018332332
0.0107994685
-0.02915652
-0.026454128
0.03786385
0.06451497
-0.028787097
-0.12333129
-0.030468008
0.18572523
0.18162462
-0.19549538
-0.445303
-0.02247127
0.72185975
0.90533483
0.27332726
-0.37425423
-0.33894238
0.06491049
0.23041807
0.052413195
-0.12071327
-0.07051629
0.049462654
0.05440957
-0.020174634
-0.03421761
0.024696723
-0.004691151
-0.0013480292
0.0070967786
-0.009834199
-0.0057921344
0.015641486
0.01418543
-0.020322027
-0.034589026
0.015529237
0.06614544
0.01581539
-0.10013427
-0.09509411
0.11075596
0.23275138
-0.03146229
-0.40517545
-0.27034095
0.45494032
0.9544449
0.56406677
-0.18631871
-0.43172956
-0.0871009
0.22770551
0.13033834
-0.09301682
-0.10146025
0.037795734
0.063866444
-0.046121262
0.008760897
0.00073002646
-0.0038432677
0.0053257556
0.003136617
-0.008470814
-0.0076814885
0.011006767
0.018729445
-0.00842066
-0.035819583
-0.008499428
0.054290507
0.051209226
-0.06070759
-0.12527782
0.022414736
0.22102013
0.11752425
-0.29111767
-0.4224138
0.15777716
0.857212
0.80893356
0.07447783
-0.4456815
-0.23348789
0.17982526
0.18916327
-0.07190247
-0.11955851
0.08654709
-0.016441133
-0.00040480786
0.0021311352
-0.002953196
-0.0017392741
0.0046971804
0.00425939
-0.0061035473
-0.010385399
0.0046707187
0.019862166
0.0047047315
-0.030112648
-0.028359424
0.033755314
0.06937033
-0.013111025
-0.122754745
-0.061484445
0.16682045
0.22046554
-0.13829
-0.4624302
-0.13186882
0.65680736
0.9694675
0.3487179
-0.38299376
-0.34812614
0.1440788
0.22403891
-0.1638697
0.031139713
0.00024419863
-0.0012855983
0.0017815036
0.0010492076
-0.0028335566
-0.0025694477
0.0036819624
0.0062649082
-0.0028177777
-0.011981741
-0.002836978
0.018166412
0.017102703
-0.02037533
-0.04183404
0.008002124
0.07407802
0.036587738
-0.101366006
-0.13109946
0.09026691
0.27607852
0.03517702
-0.4328635
-0.3952567
0.42055854
1.0680093
0.6021378
-0.349722
-0.4256759
0.32520938
-0.061878137
-0.0001866129
0.0009824348
-0.0013613983
-0.0008017883
0.0021653618
0.0019635311
-0.002813704
-0.004787542
0.0021533351
0.009156261
0.0021677832
-0.013882682
-0.013068777
0.015572664
0.031966675
-0.006130943
-0.056613863
-0.027874164
0.07758712
0.099861
-0.07014593
-0.21047062
-0.019305816
0.3363261
0.26635554
-0.39919016
-0.72328347
0.17563616
1.3104364
0.83619195
-0.7648204
0.14621559
0.00024201341
-0.0012740941
0.0017655619
0.0010398183
-0.0028082014
-0.002546452
0.0036490208
0.006208836
-0.0027926136
-0.011874515
-0.002811284
0.018004144
0.016948301
-0.020196421
-0.041456074
0.007955776
0.0734224
0.036123786
-0.10065786
-0.12941091
0.091317296
0.27280343
0.022781663
-0.43780616
-0.334732
0.5402288
0.9053499
-0.40675098
-1.724179
-0.095495544
2.880436
-0.56348443
-0.00080940936
0.004261184
-0.0059048887
-0.0034776528
0.009391977
0.00851656
-0.012204084
-0.020765334
0.009339854
0.03971409
0.009402228
-0.06021458
-0.056683015
0.06754722
0.13864836
-0.026612844
-0.24556126
-0.12078883
0.3366869
0.43271238
-0.30576953
-0.9122296
-0.07384841
1.4659315
1.1083808
-1.8301568
-2.993623
1.5456586
5.771701
-0.7659704
-10.589534
8.0762615
