8.397668
-2.084467
-5.493912
-4.297454
-0.9618789
2.0479584
3.0747411
2.5144196
1.08446
-0.49767026
-1.5195937
-1.6392748
-1.129555
-0.32124826
0.45483112
0.87608784
0.84803665
0.5283883
0.087904744
-0.30265227
-0.48267385
-0.43458632
-0.24655052
-0.009206075
0.1868074
0.26140004
0.22064203
0.112676114
-0.014070194
-0.11116934
-0.13993983
-0.11084216
-0.049790654
0.017294744
0.0644971
0.07417515
0.05500366
0.020876518
-0.014312405
-0.036713004
-0.03894091
-0.0268529
-0.0079270555
0.0103585515
0.020635452
0.020210542
0.012715444
0.0022307269
-0.0071630403
-0.011552211
-0.010248672
-0.005481794
0.0004139359
0.0051040305
0.0064702653
0.004688166
0.0013147889
-0.002073824
-0.00390163
-0.0029498537
-0.0002812871
0.0021439504
0.002363592
-0.0015846291
-0.82309973
0.9851272
1.3854744
0.8992228
0.04765343
-0.6483792
-0.84626085
-0.65657556
-0.26087284
0.15929782
0.42369887
0.44756293
0.3046314
0.08359045
-0.12687385
-0.24028996
-0.2316524
-0.14391172
-0.023535257
0.08300966
0.13202193
0.11877064
0.06733244
0.002459324
-0.051096704
-0.07146541
-0.06031197
-0.030794028
0.0038529427
0.030393483
0.03825594
0.03030027
0.013610295
-0.00472862
-0.017631937
-0.020277347
-0.015036294
-0.005706908
0.003912677
0.010036295
0.0106453085
0.0073407865
0.0021670111
-0.0028317352
-0.0056411335
-0.0055249725
-0.0034760297
-0.00060981396
0.0019581674
0.003158038
0.0028016882
0.0014985624
-0.0001131582
-0.0013952933
-0.0017687819
-0.0012816079
-0.0003594249
0.000566923
0.0010665918
0.000806404
7.689569e-5
-0.0005860935
-0.0006461371
0.00043319137
0.24429378
-0.34247485
-0.35926634
-0.041689083
0.37464845
0.6543482
0.6498993
0.4372558
0.12736359
-0.16883142
-0.3412348
-0.34170935
-0.22498533
-0.055491716
0.10234252
0.1857205
0.17714249
0.10918884
0.017031508
-0.064157516
-0.10130696
-0.09093988
-0.05145613
-0.0017684102
0.03921058
0.05477172
0.046202548
0.023578495
-0.0029655187
-0.023294566
-0.029313862
-0.023215516
-0.010426578
0.0036247177
0.013510772
0.015537194
0.011521075
0.0043725646
-0.0029981837
-0.0076901885
-0.00815677
-0.005624714
-0.0016604027
0.002169783
0.0043224203
0.004233407
0.0026634398
0.00046725516
-0.0015004115
-0.0024197886
-0.0021467414
-0.0011482453
8.670579e-5
0.0010691178
0.0013552965
0.0009820083
0.00027540262
-0.00043439431
-0.0008172563
-0.00061789213
-5.8919886e-5
0.0004490833
0.0004950906
-0.00033192488
-0.10905639
0.16005231
0.15103081
-0.009328448
-0.19423296
-0.27701667
-0.18384884
0.02476084
0.26726657
0.4621225
0.5285007
0.43780497
0.24815987
0.025866123
-0.16277553
-0.25327083
-0.2312642
-0.13783282
-0.01692249
0.08752099
0.1342147
0.1193904
0.06701147
0.0016914193
-0.05195625
-0.07219497
-0.060784142
-0.03095638
0.003978019
0.030708753
0.038606796
0.030562753
0.013718784
-0.0047813985
-0.017794915
-0.020460216
-0.015170223
-0.0057565873
0.003949035
0.010127061
0.010741122
0.007406673
0.0021863154
-0.002857349
-0.0056919516
-0.0055746967
-0.0035072933
-0.0006152792
0.0019758067
0.0031864676
0.0028269049
0.001512048
-0.000114179515
-0.0014078538
-0.0017847031
-0.0012931435
-0.00036265972
0.00057202624
0.0010761925
0.0008136625
7.758776e-5
-0.00059136905
-0.00065195304
0.00043709058
0.055743285
-0.08282552
-0.07584518
0.008668956
0.10270157
0.1383102
0.07799958
-0.03830955
-0.15857406
-0.23075078
-0.20333953
-0.06434473
0.13263963
0.32783556
0.46146506
0.47565222
0.36531216
0.18372515
-0.012808157
-0.16798708
-0.22920431
-0.19588406
-0.10591339
0.0019189814
0.088824324
0.12061606
0.100693524
0.050809447
-0.0071591465
-0.05133525
-0.06426323
-0.050781168
-0.022737868
0.0080152815
0.029628282
0.034038648
0.025227915
0.009566235
-0.0065762345
-0.016849415
-0.017868333
-0.012320222
-0.003635834
0.0047540874
0.009469083
0.009273737
0.005834402
0.0010234042
-0.0032869293
-0.005300863
-0.004702682
-0.0025153446
0.00018995961
0.0023420402
0.0029689402
0.002151204
0.0006032992
-0.00095159473
-0.001790298
-0.0013535662
-0.00012907055
0.0009837708
0.001084555
-0.00072712114
-0.029517924
0.043988984
0.03998904
-0.005089445
-0.054818146
-0.072808415
-0.03924936
0.023518892
0.08655585
0.120921046
0.098011844
0.013810382
-0.0948832
-0.18742032
-0.2231524
-0.16299058
-0.011136547
0.18034655
0.35691875
0.46404007
0.45137066
0.32774198
0.14572613
-0.041079402
-0.17907712
-0.2215692
-0.17820776
-0.086160935
0.01721684
0.09457114
0.11621232
0.0910985
0.040341444
-0.014942636
-0.053640004
-0.06140763
-0.045432813
-0.017172856
0.011914944
0.030409425
0.032226413
0.022211336
0.006547876
-0.008580276
-0.01708009
-0.016725492
-0.01052155
-0.0018446458
0.005928835
0.009560632
0.008481525
0.0045364355
-0.00034273605
-0.004224088
-0.005354689
-0.0038798223
-0.001088069
0.0017162774
0.003228924
0.0024412435
0.00023278408
-0.0017742971
-0.0019560661
0.0013114111
0.015761249
-0.02350427
-0.021330852
0.0027793567
0.02932421
0.038822874
0.020702802
-0.0129581345
-0.046535272
-0.06440394
-0.0511264
-0.0048647565
0.053638972
0.10151388
0.115889065
0.074888684
-0.015745038
-0.11973572
-0.19922681
-0.21636179
-0.13681683
0.023963021
0.21374263
0.37942433
0.46791053
0.43413958
0.29868025
0.11414911
-0.06662039
-0.19079474
-0.21731085
-0.16445485
-0.069176555
0.031567376
0.10082469
0.113674894
0.08345756
0.031100178
-0.022469759
-0.056390982
-0.059582952
-0.040995028
-0.012029106
0.015912915
0.031596415
0.030922333
0.019444395
0.0034015197
-0.010967379
-0.017678658
-0.015681425
-0.008386442
0.0006347697
0.007810694
0.00990069
0.0071735126
0.0020116298
-0.0031734414
-0.0059701833
-0.0045137457
-0.00043038293
0.0032806187
0.0036166867
-0.0024247505
-0.008432735
0.012577462
0.011409995
-0.0014946357
-0.015695928
-0.020764804
-0.011045321
0.0069821533
0.024936851
0.034438003
0.027205637
0.0022944012
-0.02906342
-0.054487392
-0.061597083
-0.038565245
0.011081722
0.066842616
0.10733778
0.11118758
0.059283316
-0.035490684
-0.13660018
-0.2069565
-0.209471
-0.11386626
0.054507434
0.24313644
0.3993232
0.4703702
0.41738847
0.27111572
0.084185146
-0.09076195
-0.20109113
-0.2127797
-0.15098919
-0.052618805
0.045432277
0.106383435
0.110965
0.07576794
0.021774154
-0.03003449
-0.05898497
-0.057579122
-0.036141418
-0.006261432
0.020471262
0.032941658
0.029205054
0.015611263
-0.0011910519
-0.014553228
-0.018442677
-0.013361077
-0.0037457026
0.00591208
0.011120906
0.008407614
0.00080146524
-0.0061109154
-0.0067367833
0.004516607
0.004516607
-0.0067367833
-0.0061109154
0.00080146524
0.008407614
0.011120906
0.00591208
-0.0037457026
-0.013361077
-0.018442677
-0.014553228
-0.0011910519
0.015611263
0.029205054
0.032941658
0.020471262
-0.006261432
-0.036141418
-0.057579122
-0.05898497
-0.03003449
0.021774154
0.07576794
0.110965
0.106383435
0.045432277
-0.052618805
-0.15098919
-0.2127797
-0.20109113
-0.09076195
0.084185146
0.27111572
0.41738847
0.4703702
0.3993232
0.24313644
0.054507434
-0.11386626
-0.209471
-0.2069565
-0.13660018
-0.035490684
0.059283316
0.11118758
0.10733778
0.066842616
0.011081722
-0.038565245
-0.061597083
-0.054487392
-0.02906342
0.0022944012
0.027205637
0.034438003
0.024936851
0.0069821533
-0.011045321
-0.020764804
-0.015695928
-0.0014946357
0.011409995
0.012577462
-0.008432735
-0.0024247505
0.0036166867
0.0032806187
-0.00043038293
-0.0045137457
-0.0059701833
-0.0031734414
0.0020116298
0.0071735126
0.00990069
0.007810694
0.0006347697
-0.008386442
-0.015681425
-0.017678658
-0.010967379
0.0034015197
0.019444395
0.030922333
0.031596415
0.015912915
-0.012029106
-0.040995028
-0.059582952
-0.056390982
-0.022469759
0.031100178
0.08345756
0.113674894
0.10082469
0.031567376
-0.069176555
-0.16445485
-0.21731085
-0.19079474
-0.06662039
0.11414911
0.29868025
0.43413958
0.46791053
0.37942433
0.21374263
0.023963021
-0.13681683
-0.21636179
-0.19922681
-0.11973572
-0.015745038
0.074888684
0.115889065
0.10151388
0.053638972
-0.0048647565
-0.0511264
-0.06440394
-0.046535272
-0.0129581345
0.020702802
0.038822874
0.02932421
0.0027793567
-0.021330852
-0.02350427
0.015761249
0.0013114111
-0.0019560661
-0.0017742971
0.00023278408
0.0024412435
0.003228924
0.0017162774
-0.001088069
-0.0038798223
-0.005354689
-0.004224088
-0.00034273605
0.0045364355
0.008481525
0.009560632
0.005928835
-0.0018446458
-0.01052155
-0.016725492
-0.01708009
-0.008580276
0.006547876
0.022211336
0.032226413
0.030409425
0.011914944
-0.017172856
-0.045432813
-0.06140763
-0.053640004
-0.014942636
0.040341444
0.0910985
0.11621232
0.09457114
0.01721684
-0.086160935
-0.17820776
-0.2215692
-0.17907712
-0.041079402
0.14572613
0.32774198
0.45137066
0.46404007
0.35691875
0.18034655
-0.011136547
-0.16299058
-0.2231524
-0.18742032
-0.0948832
0.013810382
0.098011844
0.120921046
0.08655585
0.023518892
-0.03924936
-0.072808415
-0.054818146
-0.005089445
0.03998904
0.043988984
-0.029517924
-0.00072712114
0.001084555
0.0009837708
-0.00012907055
-0.0013535662
-0.001790298
-0.00095159473
0.0006032992
0.002151204
0.0029689402
0.0023420402
0.00018995961
-0.0025153446
-0.004702682
-0.005300863
-0.0032869293
0.0010234042
0.005834402
0.009273737
0.009469083
0.0047540874
-0.003635834
-0.012320222
-0.017868333
-0.016849415
-0.0065762345
0.009566235
0.025227915
0.034038648
0.029628282
0.0080152815
-0.022737868
-0.050781168
-0.06426323
-0.05133525
-0.0071591465
0.050809447
0.100693524
0.12061606
0.088824324
0.0019189814
-0.10591339
-0.19588406
-0.22920431
-0.16798708
-0.012808157
0.18372515
0.36531216
0.47565222
0.46146506
0.32783556
0.13263963
-0.06434473
-0.20333953
-0.23075078
-0.15857406
-0.03830955
0.07799958
0.1383102
0.10270157
0.008668956
-0.07584518
-0.08282552
0.055743285
0.00043709058
-0.00065195304
-0.00059136905
7.758776e-5
0.0008136625
0.0010761925
0.00057202624
-0.00036265972
-0.0012931435
-0.0017847031
-0.0014078538
-0.000114179515
0.001512048
0.0028269049
0.0031864676
0.0019758067
-0.0006152792
-0.0035072933
-0.0055746967
-0.0056919516
-0.002857349
0.0021863154
0.007406673
0.010741122
0.010127061
0.003949035
-0.0057565873
-0.015170223
-0.020460216
-0.017794915
-0.0047813985
0.013718784
0.030562753
0.038606796
0.030708753
0.003978019
-0.03095638
-0.060784142
-0.07219497
-0.05195625
0.0016914193
0.06701147
0.1193904
0.1342147
0.08752099
-0.01692249
-0.13783282
-0.2312642
-0.25327083
-0.16277553
0.025866123
0.24815987
0.43780497
0.5285007
0.4621225
0.26726657
0.02476084
-0.18384884
-0.27701667
-0.19423296
-0.009328448
0.15103081
0.16005231
-0.10905639
-0.00033192488
0.0004950906
0.0004490833
-5.8919886e-5
-0.00061789213
-0.0008172563
-0.00043439431
0.00027540262
0.0009820083
0.0013552965
0.0010691178
8.670579e-5
-0.0011482453
-0.0021467414
-0.0024197886
-0.0015004115
0.00046725516
0.0026634398
0.004233407
0.0043224203
0.002169783
-0.0016604027
-0.005624714
-0.00815677
-0.0076901885
-0.0029981837
0.0043725646
0.011521075
0.015537194
0.013510772
0.0036247177
-0.010426578
-0.023215516
-0.029313862
-0.023294566
-0.0029655187
0.023578495
0.046202548
0.05477172
0.03921058
-0.0017684102
-0.05145613
-0.09093988
-0.10130696
-0.064157516
0.017031508
0.10918884
0.17714249
0.1857205
0.10234252
-0.055491716
-0.22498533
-0.34170935
-0.3412348
-0.16883142
0.12736359
0.4372558
0.6498993
0.6543482
0.37464845
-0.041689083
-0.35926634
-0.34247485
0.24429378
0.00043319137
-0.0006461371
-0.0005860935
7.689569e-5
0.000806404
0.0010665918
0.000566923
-0.0003594249
-0.0012816079
-0.0017687819
-0.0013952933
-0.0001131582
0.0014985624
0.0028016882
0.003158038
0.0019581674
-0.00060981396
-0.0034760297
-0.0055249725
-0.0056411335
-0.0028317352
0.0021670111
0.0073407865
0.0106453085
0.010036295
0.003912677
-0.005706908
-0.015036294
-0.020277347
-0.017631937
-0.00472862
0.013610295
0.03030027
0.03825594
0.030393483
0.0038529427
-0.030794028
-0.06031197
-0.07146541
-0.051096704
0.002459324
0.06733244
0.11877064
0.13202193
0.08300966
-0.023535257
-0.14391172
-0.2316524
-0.24028996
-0.12687385
0.08359045
0.3046314
0.44756293
0.42369887
0.15929782
-0.26087284
-0.65657556
-0.84626085
-0.6483792
0.04765343
0.8992228
1.3854744
0.9851272
-0.82309973
-0.0015846291
0.002363592
0.0021439504
-0.0002812871
-0.0029498537
-0.00390163
-0.002073824
0.0013147889
0.004688166
0.0064702653
0.0051040305
0.0004139359
-0.005481794
-0.010248672
-0.011552211
-0.0071630403
0.0022307269
0.012715444
0.020210542
0.020635452
0.0103585515
-0.0079270555
-0.0268529
-0.03894091
-0.036713004
-0.014312405
0.020876518
0.05500366
0.07417515
0.0644971
0.017294744
-0.049790654
-0.11084216
-0.13993983
-0.11116934
-0.014070194
0.112676114
0.22064203
0.26140004
0.1868074
-0.009206075
-0.24655052
-0.43458632
-0.48267385
-0.30265227
0.087904744
0.5283883
0.84803665
0.87608784
0.45483112
-0.32124826
-1.129555
-1.6392748
-1.5195937
-0.49767026
1.08446
2.5144196
3.0747411
2.0479584
-0.9618789
-4.297454
-5.493912
-2.084467
8.397668
