2.1691163
1.9898595
1.8172082
1.6510618
1.4913195
1.3378806
1.1906444
1.04951
0.9143768
0.78514403
0.661711
0.5439769
0.43184105
0.32520267
0.2239611
0.12801553
0.037265282
-0.048390415
-0.12905228
-0.20482105
-0.27579746
-0.34208226
-0.40377614
-0.46097988
-0.5137942
-0.5623198
-0.6066575
-0.6469079
-0.6831719
-0.7155501
-0.7441433
-0.7690522
-0.7903776
-0.80822015
-0.8226806
-0.83385974
-0.8418582
-0.84677684
-0.8487163
-0.8477774
-0.84406084
-0.8376673
-0.8286975
-0.8172523
-0.80343235
-0.7873384
-0.7690711
-0.7487314
-0.7264198
-0.7022371
-0.67628413
-0.6486616
-0.6194701
-0.58881056
-0.5567836
-0.52348995
-0.48903042
-0.45350567
-0.41701645
-0.37966353
-0.3415476
-0.30276942
-0.2634297
-0.2236292
-0.18346865
-0.1430488
-0.10247034
-0.06183403
-0.021240605
0.019209202
0.05941466
0.09927503
0.13868958
0.17755757
0.21577829
0.253251
0.2898749
0.32554933
0.36017355
0.3936468
0.42586836
0.45673752
0.48615348
0.51401556
0.540223
0.5646751
0.5872711
0.6079102
0.6264918
0.64291507
0.65707934
0.6688838
0.6782278
0.6850105
0.68913126
0.6904893
0.6889839
0.68451434
0.6769799
0.6662798
0.6523133
0.63497967
0.61417824
0.58980817
0.56176883
0.52995944
0.49427927
0.45462757
0.4109036
0.36300668
0.31083602
0.2542909
0.19327061
0.12767439
0.057401508
-0.017648762
-0.097577155
-0.18248442
-0.27247128
-0.36763844
-0.4680867
-0.57391673
-0.6852293
-0.8021251
-0.92470497
-1.0530695
-1.1873195
-1.3275558
-0.46709722
-0.4221959
-0.37904823
-0.33762655
-0.2979033
-0.2598509
-0.22344165
-0.18864803
-0.15544242
-0.12379719
-0.09368477
-0.06507754
-0.0379479
-0.012268241
0.011989038
0.03485154
0.056346867
0.07650263
0.09534642
0.11290585
0.12920852
0.14428204
0.15815401
0.17085202
0.1824037
0.19283663
0.20217843
0.2104567
0.21769904
0.22393304
0.22918633
0.2334865
0.23686115
0.2393379
0.24094434
0.24170807
0.2416567
0.24081784
0.2392191
0.23688805
0.23385233
0.23013951
0.22577722
0.22079307
0.21521463
0.20906954
0.20238537
0.19518974
0.18751027
0.17937453
0.17081016
0.16184473
0.15250587
0.14282116
0.13281822
0.122524664
0.11196807
0.10117605
0.09017622
0.07899617
0.067663506
0.056205835
0.04465076
0.033025883
0.021358809
0.009677141
-0.0019915157
-0.013619559
-0.025179384
-0.03664339
-0.04798397
-0.05917352
-0.07018444
-0.08098912
-0.09155997
-0.10186937
-0.11188972
-0.12159342
-0.13095288
-0.13994047
-0.14852859
-0.15668966
-0.16439606
-0.17162018
-0.17833443
-0.1845112
-0.19012289
-0.19514188
-0.19954059
-0.2032914
-0.20636672
-0.20873892
-0.21038043
-0.21126363
-0.21136092
-0.21064468
-0.20908733
-0.20666125
-0.20333885
-0.19909252
-0.19389465
-0.18771765
-0.18053389
-0.17231579
-0.16303575
-0.15266615
-0.1411794
-0.12854789
-0.11474401
-0.09974016
-0.083508745
-0.06602215
-0.047252778
-0.027173022
-0.005755282
0.017028049
0.04120457
0.06680189
0.09384762
0.12236934
0.15239468
0.18395123
0.21706659
0.25176835
0.28808418
0.3260416
0.36566827
0.40699175
0.40699175
0.36566827
0.3260416
0.28808418
0.25176835
0.21706659
0.18395123
0.15239468
0.12236934
0.09384762
0.06680189
0.04120457
0.017028049
-0.005755282
-0.027173022
-0.047252778
-0.06602215
-0.083508745
-0.09974016
-0.11474401
-0.12854789
-0.1411794
-0.15266615
-0.16303575
-0.17231579
-0.18053389
-0.18771765
-0.19389465
-0.19909252
-0.20333885
-0.20666125
-0.20908733
-0.21064468
-0.21136092
-0.21126363
-0.21038043
-0.20873892
-0.20636672
-0.2032914
-0.19954059
-0.19514188
-0.19012289
-0.1845112
-0.17833443
-0.17162018
-0.16439606
-0.15668966
-0.14852859
-0.13994047
-0.13095288
-0.12159342
-0.11188972
-0.10186937
-0.09155997
-0.08098912
-0.07018444
-0.05917352
-0.04798397
-0.03664339
-0.025179384
-0.013619559
-0.0019915157
0.009677141
0.021358809
0.033025883
0.04465076
0.056205835
0.067663506
0.07899617
0.09017622
0.10117605
0.11196807
0.122524664
0.13281822
0.14282116
0.15250587
0.16184473
0.17081016
0.17937453
0.18751027
0.19518974
0.20238537
0.20906954
0.21521463
0.22079307
0.22577722
0.23013951
0.23385233
0.23688805
0.2392191
0.24081784
0.2416567
0.24170807
0.24094434
0.2393379
0.23686115
0.2334865
0.22918633
0.22393304
0.21769904
0.2104567
0.20217843
0.19283663
0.1824037
0.17085202
0.15815401
0.14428204
0.12920852
0.11290585
0.09534642
0.07650263
0.056346867
0.03485154
0.011989038
-0.012268241
-0.0379479
-0.06507754
-0.09368477
-0.12379719
-0.15544242
-0.18864803
-0.22344165
-0.2598509
-0.2979033
-0.33762655
-0.37904823
-0.4221959
-0.46709722
-1.3275558
-1.1873195
-1.0530695
-0.92470497
-0.8021251
-0.6852293
-0.57391673
-0.4680867
-0.36763844
-0.27247128
-0.18248442
-0.097577155
-0.017648762
0.057401508
0.12767439
0.19327061
0.2542909
0.31083602
0.36300668
0.4109036
0.45462757
0.49427927
0.52995944
0.56176883
0.58980817
0.61417824
0.63497967
0.6523133
0.6662798
0.6769799
0.68451434
0.6889839
0.6904893
0.68913126
0.6850105
0.6782278
0.6688838
0.65707934
0.64291507
0.6264918
0.6079102
0.5872711
0.5646751
0.540223
0.51401556
0.48615348
0.45673752
0.42586836
0.3936468
0.36017355
0.32554933
0.2898749
0.253251
0.21577829
0.17755757
0.13868958
0.09927503
0.05941466
0.019209202
-0.021240605
-0.06183403
-0.10247034
-0.1430488
-0.18346865
-0.2236292
-0.2634297
-0.30276942
-0.3415476
-0.37966353
-0.41701645
-0.45350567
-0.48903042
-0.52348995
-0.5567836
-0.58881056
-0.6194701
-0.6486616
-0.67628413
-0.7022371
-0.7264198
-0.7487314
-0.7690711
-0.7873384
-0.80343235
-0.8172523
-0.8286975
-0.8376673
-0.84406084
-0.8477774
-0.8487163
-0.84677684
-0.8418582
-0.83385974
-0.8226806
-0.80822015
-0.7903776
-0.7690522
-0.7441433
-0.7155501
-0.6831719
-0.6469079
-0.6066575
-0.5623198
-0.5137942
-0.46097988
-0.40377614
-0.34208226
-0.27579746
-0.20482105
-0.12905228
-0.048390415
0.037265282
0.12801553
0.2239611
0.32520267
0.43184105
0.5439769
0.661711
0.78514403
0.9143768
1.04951
1.1906444
1.3378806
1.4913195
1.6510618
1.8172082
1.9898595
2.1691163
