11.306373
3.6470587
-1.5157562
-4.5440636
-5.7998548
-5.6451197
-4.4418497
-2.5520363
-0.33766967
1.8392588
3.6167583
4.632838
4.5255065
2.932773
-0.50735295
-6.1568627
-2.3513932
-0.40802374
0.8544155
1.5385282
1.7469182
1.5821893
1.1469455
0.54379016
-0.12467254
-0.755839
-1.2471054
-1.4958677
-1.3995225
-0.8554659
0.23890609
1.9861971
1.9861971
0.23890609
-0.8554659
-1.3995225
-1.4958677
-1.2471054
-0.755839
-0.12467254
0.54379016
1.1469455
1.5821893
1.7469182
1.5385282
0.8544155
-0.40802374
-2.3513932
-6.1568627
-0.50735295
2.932773
4.5255065
4.632838
3.6167583
1.8392588
-0.33766967
-2.5520363
-4.4418497
-5.6451197
-5.7998548
-4.5440636
-1.5157562
3.6470587
11.306373
