7.192402
4.7896614
2.7561274
1.067644
-0.29994544
-1.3707973
-2.1690676
-2.7189133
-3.0444903
-3.169955
-3.1194642
-2.9171739
-2.5872402
-2.15382
-1.6410697
-1.0731453
-0.47420323
0.13159998
0.72010803
1.2671646
1.7486131
2.1402974
2.4180613
2.5577478
2.535201
2.3262646
1.906782
1.252597
0.339553
-0.8565062
-2.3597372
-4.194296
-1.5280749
-0.9227941
-0.41666666
-0.002977288
0.32498923
0.57394814
0.75061464
0.861704
0.9139314
0.9140121
0.8686613
0.7845942
0.66852605
0.5271721
0.36724752
0.1954676
0.018547544
-0.15679744
-0.32385212
-0.47590125
-0.60622966
-0.708122
-0.77486324
-0.799738
-0.7760311
-0.6970273
-0.55601144
-0.3462682
-0.061082426
0.30626115
0.7624777
1.3142825
1.3142825
0.7624777
0.30626115
-0.061082426
-0.3462682
-0.55601144
-0.6970273
-0.7760311
-0.799738
-0.77486324
-0.708122
-0.60622966
-0.47590125
-0.32385212
-0.15679744
0.018547544
0.1954676
0.36724752
0.5271721
0.66852605
0.7845942
0.8686613
0.9140121
0.9139314
0.861704
0.75061464
0.57394814
0.32498923
-0.002977288
-0.41666666
-0.9227941
-1.5280749
-4.194296
-2.3597372
-0.8565062
0.339553
1.252597
1.906782
2.3262646
2.535201
2.5577478
2.4180613
2.1402974
1.7486131
1.2671646
0.72010803
0.13159998
-0.47420323
-1.0731453
-1.6410697
-2.15382
-2.5872402
-2.9171739
-3.1194642
-3.169955
-3.0444903
-2.7189133
-2.1690676
-1.3707973
-0.29994544
1.067644
2.7561274
4.7896614
7.192402
