4.0723405
3.3968792
2.7718832
2.1957774
1.6669877
1.1839391
0.74505717
0.3487672
-0.0065054563
-0.32233536
-0.60029715
-0.84196544
-1.0489149
-1.2227201
-1.3649557
-1.4771963
-1.5610166
-1.617991
-1.6496943
-1.6577011
-1.6435862
-1.6089239
-1.5552889
-1.484256
-1.3973997
-1.2962946
-1.1825154
-1.0576366
-0.923233
-0.7808791
-0.63214946
-0.4786189
-0.3218619
-0.1634531
-0.0049671587
0.15202132
0.3059377
0.45520738
0.59825575
0.7335081
0.85938996
0.97432655
1.0767434
1.1650656
1.2377189
1.2931285
1.3297198
1.345918
1.3401489
1.3108374
1.2564092
1.1752895
1.0659038
0.9266774
0.75603575
0.5524041
0.31420794
0.03987262
-0.2721765
-0.62351406
-1.0157146
-1.4503529
-1.9290034
-2.4532409
-0.8731996
-0.7036811
-0.5476115
-0.40455702
-0.2740843
-0.1557597
-0.049149714
0.04617923
0.13066067
0.20472817
0.26881525
0.3233555
0.3687824
0.40552956
0.4340305
0.4547188
0.46802795
0.47439155
0.47424313
0.4680162
0.4561444
0.43906116
0.41720012
0.3909948
0.36087874
0.32728547
0.29064858
0.2514016
0.20997806
0.16681153
0.122335546
0.07698366
0.03118942
-0.014613628
-0.059991933
-0.104511954
-0.14774013
-0.18924293
-0.2285868
-0.26533818
-0.29906353
-0.32932934
-0.35570198
-0.37774798
-0.39503375
-0.40712577
-0.41359046
-0.41399428
-0.40790373
-0.39488518
-0.37450516
-0.34633008
-0.3099264
-0.26486054
-0.210699
-0.14700824
-0.07335468
0.0106952265
0.10557502
0.21171823
0.32955843
0.45952916
0.60206395
0.75759643
0.75759643
0.60206395
0.45952916
0.32955843
0.21171823
0.10557502
0.0106952265
-0.07335468
-0.14700824
-0.210699
-0.26486054
-0.3099264
-0.34633008
-0.37450516
-0.39488518
-0.40790373
-0.41399428
-0.41359046
-0.40712577
-0.39503375
-0.37774798
-0.35570198
-0.32932934
-0.29906353
-0.26533818
-0.2285868
-0.18924293
-0.14774013
-0.104511954
-0.059991933
-0.014613628
0.03118942
0.07698366
0.122335546
0.16681153
0.20997806
0.2514016
0.29064858
0.32728547
0.36087874
0.3909948
0.41720012
0.43906116
0.4561444
0.4680162
0.47424313
0.47439155
0.46802795
0.4547188
0.4340305
0.40552956
0.3687824
0.3233555
0.26881525
0.20472817
0.13066067
0.04617923
-0.049149714
-0.1557597
-0.2740843
-0.40455702
-0.5476115
-0.7036811
-0.8731996
-2.4532409
-1.9290034
-1.4503529
-1.0157146
-0.62351406
-0.2721765
0.03987262
0.31420794
0.5524041
0.75603575
0.9266774
1.0659038
1.1752895
1.2564092
1.3108374
1.3401489
1.345918
1.3297198
1.2931285
1.2377189
1.1650656
1.0767434
0.97432655
0.85938996
0.7335081
0.59825575
0.45520738
0.3059377
0.15202132
-0.0049671587
-0.1634531
-0.3218619
-0.4786189
-0.63214946
-0.7808791
-0.923233
-1.0576366
-1.1825154
-1.2962946
-1.3973997
-1.484256
-1.5552889
-1.6089239
-1.6435862
-1.6577011
-1.6496943
-1.617991
-1.5610166
-1.4771963
-1.3649557
-1.2227201
-1.0489149
-0.84196544
-0.60029715
-0.32233536
-0.0065054563
0.3487672
0.74505717
1.1839391
1.6669877
2.1957774
2.7718832
3.3968792
4.0723405
