3.3637064
2.5235162
1.7811819
1.1317521
0.5702755
0.091800734
-0.30862355
-0.63594866
-0.8951259
-1.0911067
-1.2288424
-1.3132842
-1.3493835
-1.3420917
-1.2963601
-1.2171401
-1.1093829
-0.9780399
-0.8280625
-0.66440195
-0.49200967
-0.31583694
-0.14083512
0.028044473
0.18585049
0.32763156
0.44866157
0.54758334
0.62563324
0.68411434
0.72432977
0.74758255
0.75517577
0.74841255
0.728596
0.69702905
0.6550149
0.60385656
0.5448572
0.47931987
0.40854758
0.3338435
0.25651065
0.17785211
0.099171
0.021770364
-0.053046703
-0.123977125
-0.18971781
-0.24896571
-0.30041772
-0.34277335
-0.37527832
-0.39839715
-0.4127592
-0.41899392
-0.41773063
-0.40959877
-0.3952277
-0.37524682
-0.35028556
-0.32097328
-0.28793937
-0.25181326
-0.21322428
-0.17280187
-0.1311754
-0.08897428
-0.046827894
-0.0053656297
0.034783114
0.07298895
0.10862248
0.1410543
0.16965505
0.19379531
0.2128457
0.22626613
0.2341767
0.23699334
0.23513342
0.22901426
0.21905322
0.20566764
0.18927489
0.17029229
0.1491372
0.12622696
0.10197891
0.07681042
0.051138815
0.025381451
-4.432454e-5
-0.024721168
-0.04823173
-0.07015867
-0.09008463
-0.10759227
-0.12226424
-0.1336832
-0.14143181
-0.1450927
-0.14425908
-0.13893421
-0.12965402
-0.11699003
-0.10151376
-0.08379674
-0.06441051
-0.04392657
-0.022916466
-0.0019517175
0.01839615
0.03755561
0.054955136
0.0700232
0.082188286
0.09087885
0.09552339
0.09555035
0.09038823
0.07946549
0.06221062
0.038052075
0.006418335
-0.033262122
-0.08156083
-0.1390493
-0.36268935
-0.2326699
-0.119452804
-0.022148512
0.06013253
0.12827988
0.18318307
0.22573167
0.25681522
0.2773233
0.28814542
0.29017118
0.28429008
0.27139172
0.25236562
0.22810133
0.19948842
0.16741644
0.13277493
0.09645346
0.05934157
0.022328809
-0.013695263
-0.0478411
-0.07921914
-0.10693984
-0.13015595
-0.14865318
-0.1627045
-0.1725954
-0.17861138
-0.18103798
-0.18016064
-0.17626491
-0.16963628
-0.16056025
-0.1493223
-0.13620797
-0.12150272
-0.10549208
-0.08846155
-0.070696615
-0.052482788
-0.03410557
-0.01585046
0.00199704
0.019151429
0.035327204
0.050238863
0.06360091
0.07512784
0.08453473
0.0916589
0.09661043
0.0995363
0.10058351
0.099899024
0.09762983
0.09392292
0.08892527
0.08278386
0.07564569
0.067657724
0.05896696
0.049720373
0.040064946
0.030147668
0.020115519
0.010115484
0.00029454578
-0.009200312
-0.018222107
-0.026623853
-0.034258567
-0.04097927
-0.046638973
-0.051090695
-0.05420845
-0.056021426
-0.056628376
-0.05612837
-0.05462048
-0.05220378
-0.048977345
-0.045040246
-0.040491555
-0.035430353
-0.029955704
-0.024166685
-0.018162372
-0.012041833
-0.0059041465
0.00015161706
0.006026384
0.01162108
0.016836634
0.02157397
0.025734015
0.029217698
0.031925943
0.03375968
0.03461983
0.034409836
0.03313067
0.030910034
0.02788408
0.024188971
0.01996087
0.015335936
0.010450331
0.005440214
0.00044174766
-0.004408908
-0.0089755915
-0.013122143
-0.016712403
-0.019610208
-0.021679396
-0.02278381
-0.02278729
-0.02155367
-0.018946793
-0.014830496
-0.009068621
-0.0015250053
0.007936511
0.019452091
0.033157893
0.11279812
0.06818818
0.0302361
-0.0014383076
-0.027215216
-0.047474798
-0.06259723
-0.072962694
-0.07895136
-0.08094339
-0.079318985
-0.07445831
-0.066741526
-0.056548834
-0.04426039
-0.030256378
-0.01491697
0.0013776551
0.018247325
0.035311863
0.05219109
0.06850484
0.08387292
0.09791518
0.11025142
0.12050148
0.12830481
0.13359465
0.13653038
0.1372772
0.1360003
0.1328649
0.1280362
0.12167938
0.11395965
0.10504221
0.09509227
0.084275015
0.07275566
0.06069939
0.048271414
0.03563693
0.022961142
0.010409245
-0.0018535568
-0.013662064
-0.024851078
-0.0352554
-0.04470982
-0.05304915
-0.060108185
-0.06572208
-0.06980118
-0.07242359
-0.07369014
-0.07370162
-0.07255884
-0.07036263
-0.06721378
-0.06321311
-0.05846143
-0.053059552
-0.047108278
-0.040708426
-0.033960804
-0.02696622
-0.019825486
-0.012639414
-0.0055088117
0.0014655092
0.008182739
0.0145420665
0.020442683
0.025783777
0.03046454
0.034384158
0.037441824
0.039551366
0.0407348
0.041062634
0.04060561
0.03943446
0.03761992
0.035232726
0.032343622
0.02902334
0.025342617
0.02137219
0.017182797
0.0128451735
0.008430058
0.0040081856
-0.00034970584
-0.0045728795
-0.008590599
-0.012332126
-0.015726725
-0.018703658
-0.02119219
-0.02312158
-0.024421098
-0.02502
-0.024849353
-0.023910211
-0.022294547
-0.020100411
-0.017425854
-0.014368923
-0.011027673
-0.007500151
-0.003884408
-0.00027849354
0.0032195419
0.006511648
0.009499775
0.012085873
0.014171892
0.015659781
0.01645149
0.016448969
0.015554169
0.013669039
0.010695528
0.006535588
0.0010911671
-0.005735784
-0.014043315
-0.023929479
-0.0530422
-0.031365134
-0.013093413
0.0019803166
0.0140634
0.023363188
0.030087028
0.03444227
0.03663626
0.03687635
0.035369888
0.03232422
0.027946701
0.022444673
0.016025487
0.008896493
0.0012650396
-0.0066615255
-0.014675854
-0.022570595
-0.030138401
-0.037171923
-0.043463815
-0.048806723
-0.0529933
-0.055816203
-0.05707995
-0.056766715
-0.054995432
-0.051888555
-0.04756853
-0.04215781
-0.03577884
-0.028554073
-0.020605959
-0.012056948
-0.0030294897
0.006353966
0.01597097
0.02569907
0.035415817
0.04499876
0.054325454
0.063273445
0.07172028
0.079543516
0.0866207
0.092829384
0.09804711
0.10215144
0.10501991
0.10653038
0.10662472
0.105387636
0.10292314
0.09933527
0.094728045
0.089205496
0.082871646
0.07583053
0.06818616
0.06004256
0.051503774
0.04267382
0.03365672
0.024556506
0.015477202
0.006522834
-0.0022025725
-0.01059499
-0.018550394
-0.025964756
-0.03273405
-0.038754255
-0.043921337
-0.048131272
-0.051280037
-0.05327994
-0.054164022
-0.054019444
-0.052933607
-0.05099393
-0.048287824
-0.044902693
-0.040925954
-0.03644501
-0.031547282
-0.026320172
-0.020851096
-0.015227463
-0.009536684
-0.0038661675
0.0016966735
0.0070644286
0.012149688
0.01686504
0.021123074
0.02483638
0.027917547
0.030279165
0.03183382
0.03249411
0.03217488
0.030879298
0.0287252
0.025838094
0.022343494
0.018366905
0.01403384
0.009469807
0.0048003155
0.00015087491
-0.0043530054
-0.008585816
-0.012422048
-0.01573619
-0.018402735
-0.020296173
-0.021290993
-0.021261686
-0.020082746
-0.017628659
-0.013773918
-0.008393013
-0.0013604342
0.007449327
0.018161781
0.030902436
0.030902436
0.018161781
0.007449327
-0.0013604342
-0.008393013
-0.013773918
-0.017628659
-0.020082746
-0.021261686
-0.021290993
-0.020296173
-0.018402735
-0.01573619
-0.012422048
-0.008585816
-0.0043530054
0.00015087491
0.0048003155
0.009469807
0.01403384
0.018366905
0.022343494
0.025838094
0.0287252
0.030879298
0.03217488
0.03249411
0.03183382
0.030279165
0.027917547
0.02483638
0.021123074
0.01686504
0.012149688
0.0070644286
0.0016966735
-0.0038661675
-0.009536684
-0.015227463
-0.020851096
-0.026320172
-0.031547282
-0.03644501
-0.040925954
-0.044902693
-0.048287824
-0.05099393
-0.052933607
-0.054019444
-0.054164022
-0.05327994
-0.051280037
-0.048131272
-0.043921337
-0.038754255
-0.03273405
-0.025964756
-0.018550394
-0.01059499
-0.0022025725
0.006522834
0.015477202
0.024556506
0.03365672
0.04267382
0.051503774
0.06004256
0.06818616
0.07583053
0.082871646
0.089205496
0.094728045
0.09933527
0.10292314
0.105387636
0.10662472
0.10653038
0.10501991
0.10215144
0.09804711
0.092829384
0.0866207
0.079543516
0.07172028
0.063273445
0.054325454
0.04499876
0.035415817
0.02569907
0.01597097
0.006353966
-0.0030294897
-0.012056948
-0.020605959
-0.028554073
-0.03577884
-0.04215781
-0.04756853
-0.051888555
-0.054995432
-0.056766715
-0.05707995
-0.055816203
-0.0529933
-0.048806723
-0.043463815
-0.037171923
-0.030138401
-0.022570595
-0.014675854
-0.0066615255
0.0012650396
0.008896493
0.016025487
0.022444673
0.027946701
0.03232422
0.035369888
0.03687635
0.03663626
0.03444227
0.030087028
0.023363188
0.0140634
0.0019803166
-0.013093413
-0.031365134
-0.0530422
-0.023929479
-0.014043315
-0.005735784
0.0010911671
0.006535588
0.010695528
0.013669039
0.015554169
0.016448969
0.01645149
0.015659781
0.014171892
0.012085873
0.009499775
0.006511648
0.0032195419
-0.00027849354
-0.003884408
-0.007500151
-0.011027673
-0.014368923
-0.017425854
-0.020100411
-0.022294547
-0.023910211
-0.024849353
-0.02502
-0.024421098
-0.02312158
-0.02119219
-0.018703658
-0.015726725
-0.012332126
-0.008590599
-0.0045728795
-0.00034970584
0.0040081856
0.008430058
0.0128451735
0.017182797
0.02137219
0.025342617
0.02902334
0.032343622
0.035232726
0.03761992
0.03943446
0.04060561
0.041062634
0.0407348
0.039551366
0.037441824
0.034384158
0.03046454
0.025783777
0.020442683
0.0145420665
0.008182739
0.0014655092
-0.0055088117
-0.012639414
-0.019825486
-0.02696622
-0.033960804
-0.040708426
-0.047108278
-0.053059552
-0.05846143
-0.06321311
-0.06721378
-0.07036263
-0.07255884
-0.07370162
-0.07369014
-0.07242359
-0.06980118
-0.06572208
-0.060108185
-0.05304915
-0.04470982
-0.0352554
-0.024851078
-0.013662064
-0.0018535568
0.010409245
0.022961142
0.03563693
0.048271414
0.06069939
0.07275566
0.084275015
0.09509227
0.10504221
0.11395965
0.12167938
0.1280362
0.1328649
0.1360003
0.1372772
0.13653038
0.13359465
0.12830481
0.12050148
0.11025142
0.09791518
0.08387292
0.06850484
0.05219109
0.035311863
0.018247325
0.0013776551
-0.01491697
-0.030256378
-0.04426039
-0.056548834
-0.066741526
-0.07445831
-0.079318985
-0.08094339
-0.07895136
-0.072962694
-0.06259723
-0.047474798
-0.027215216
-0.0014383076
0.0302361
0.06818818
0.11279812
0.033157893
0.019452091
0.007936511
-0.0015250053
-0.009068621
-0.014830496
-0.018946793
-0.02155367
-0.02278729
-0.02278381
-0.021679396
-0.019610208
-0.016712403
-0.013122143
-0.0089755915
-0.004408908
0.00044174766
0.005440214
0.010450331
0.015335936
0.01996087
0.024188971
0.02788408
0.030910034
0.03313067
0.034409836
0.03461983
0.03375968
0.031925943
0.029217698
0.025734015
0.02157397
0.016836634
0.01162108
0.006026384
0.00015161706
-0.0059041465
-0.012041833
-0.018162372
-0.024166685
-0.029955704
-0.035430353
-0.040491555
-0.045040246
-0.048977345
-0.05220378
-0.05462048
-0.05612837
-0.056628376
-0.056021426
-0.05420845
-0.051090695
-0.046638973
-0.04097927
-0.034258567
-0.026623853
-0.018222107
-0.009200312
0.00029454578
0.010115484
0.020115519
0.030147668
0.040064946
0.049720373
0.05896696
0.067657724
0.07564569
0.08278386
0.08892527
0.09392292
0.09762983
0.099899024
0.10058351
0.0995363
0.09661043
0.0916589
0.08453473
0.07512784
0.06360091
0.050238863
0.035327204
0.019151429
0.00199704
-0.01585046
-0.03410557
-0.052482788
-0.070696615
-0.08846155
-0.10549208
-0.12150272
-0.13620797
-0.1493223
-0.16056025
-0.16963628
-0.17626491
-0.18016064
-0.18103798
-0.17861138
-0.1725954
-0.1627045
-0.14865318
-0.13015595
-0.10693984
-0.07921914
-0.0478411
-0.013695263
0.022328809
0.05934157
0.09645346
0.13277493
0.16741644
0.19948842
0.22810133
0.25236562
0.27139172
0.28429008
0.29017118
0.28814542
0.2773233
0.25681522
0.22573167
0.18318307
0.12827988
0.06013253
-0.022148512
-0.119452804
-0.2326699
-0.36268935
-0.1390493
-0.08156083
-0.033262122
0.006418335
0.038052075
0.06221062
0.07946549
0.09038823
0.09555035
0.09552339
0.09087885
0.082188286
0.0700232
0.054955136
0.03755561
0.01839615
-0.0019517175
-0.022916466
-0.04392657
-0.06441051
-0.08379674
-0.10151376
-0.11699003
-0.12965402
-0.13893421
-0.14425908
-0.1450927
-0.14143181
-0.1336832
-0.12226424
-0.10759227
-0.09008463
-0.07015867
-0.04823173
-0.024721168
-4.432454e-5
0.025381451
0.051138815
0.07681042
0.10197891
0.12622696
0.1491372
0.17029229
0.18927489
0.20566764
0.21905322
0.22901426
0.23513342
0.23699334
0.2341767
0.22626613
0.2128457
0.19379531
0.16965505
0.1410543
0.10862248
0.07298895
0.034783114
-0.0053656297
-0.046827894
-0.08897428
-0.1311754
-0.17280187
-0.21322428
-0.25181326
-0.28793937
-0.32097328
-0.35028556
-0.37524682
-0.3952277
-0.40959877
-0.41773063
-0.41899392
-0.4127592
-0.39839715
-0.37527832
-0.34277335
-0.30041772
-0.24896571
-0.18971781
-0.123977125
-0.053046703
0.021770364
0.099171
0.17785211
0.25651065
0.3338435
0.40854758
0.47931987
0.5448572
0.60385656
0.6550149
0.69702905
0.728596
0.74841255
0.75517577
0.74758255
0.72432977
0.68411434
0.62563324
0.54758334
0.44866157
0.32763156
0.18585049
0.028044473
-0.14083512
-0.31583694
-0.49200967
-0.66440195
-0.8280625
-0.9780399
-1.1093829
-1.2171401
-1.2963601
-1.3420917
-1.3493835
-1.3132842
-1.2288424
-1.0911067
-0.8951259
-0.63594866
-0.30862355
0.091800734
0.5702755
1.1317521
1.7811819
2.5235162
3.3637064
