8.505372
-7.828626
-5.0160356
2.7460139
4.378437
1.2743249
-2.0551875
-2.2259738
-0.3619459
1.2859757
1.0857788
-0.1189126
-0.86556625
-0.22624406
0.5886144
-0.16602486
-0.7086603
2.2573395
1.0751123
-0.94621074
-1.2541676
-0.32297134
0.6164958
0.6462093
0.09957508
-0.37714356
-0.31628022
0.03544332
0.25270817
0.06589566
-0.1718122
0.04846674
0.19844893
-0.6838742
0.11287287
1.0346189
0.9151409
0.13961115
-0.51894987
-0.49636838
-0.06385874
0.29851785
0.24545315
-0.029349389
-0.19743331
-0.0511216
0.1341451
-0.037853304
-0.08934565
0.31440157
-0.10287994
-0.46904668
-0.1555711
0.4916111
0.8829483
0.61226183
0.006864687
-0.4225572
-0.32038
0.048772052
0.26521268
0.066639885
-0.17971101
0.050779566
0.050779566
-0.17971101
0.066639885
0.26521268
0.048772052
-0.32038
-0.4225572
0.006864687
0.61226183
0.8829483
0.4916111
-0.1555711
-0.46904668
-0.10287994
0.31440157
-0.08934565
-0.037853304
0.1341451
-0.0511216
-0.19743331
-0.029349389
0.24545315
0.29851785
-0.06385874
-0.49636838
-0.51894987
0.13961115
0.9151409
1.0346189
0.11287287
-0.6838742
0.19844893
0.04846674
-0.1718122
0.06589566
0.25270817
0.03544332
-0.31628022
-0.37714356
0.09957508
0.6462093
0.6164958
-0.32297134
-1.2541676
-0.94621074
1.0751123
2.2573395
-0.7086603
-0.16602486
0.5886144
-0.22624406
-0.86556625
-0.1189126
1.0857788
1.2859757
-0.3619459
-2.2259738
-2.0551875
1.2743249
4.378437
2.7460139
-5.0160356
-7.828626
8.505372
