7.911847
0.05865809
-3.7517798
-4.537814
-3.3177915
-1.1100597
1.0670344
2.3070834
2.5309849
2.0304372
1.0988876
0.029783294
-0.8834284
-1.3630469
-1.366988
-1.0345453
-0.5096787
0.06365254
0.5414889
0.78240985
0.74370295
0.51088023
0.17802349
-0.1607856
-0.41146535
-0.48021778
-0.33339497
-0.071551636
0.18659899
0.32234365
0.2169691
-0.24823786
-0.80876553
0.517201
1.0642037
1.0397191
0.65122384
0.10619444
-0.38789254
-0.64740777
-0.66496843
-0.51218593
-0.2610441
0.01647299
0.24838144
0.36663747
0.36215422
0.27122995
0.1313304
-0.020078653
-0.1455315
-0.20822716
-0.19720708
-0.13508299
-0.0467102
0.043056015
0.109360375
0.12742268
0.08838282
0.018900495
-0.04955854
-0.08552852
-0.05754371
0.06586167
0.24637409
-0.19742754
-0.3240147
-0.22670843
0.0011702125
0.26630017
0.47536042
0.5467295
0.48525327
0.33453256
0.13835093
-0.059508014
-0.21526067
-0.28767234
-0.27364698
-0.19944783
-0.092093356
0.02139797
0.114007704
0.15920453
0.14939466
0.10158491
0.034426175
-0.033430662
-0.083334714
-0.0966917
-0.066909984
-0.014177433
0.03769466
0.064895004
0.043612294
-0.04996476
-0.11469238
0.09803545
0.14946985
0.09134396
-0.024609122
-0.14665629
-0.22306444
-0.20933674
-0.11445712
0.028620295
0.18682832
0.32709974
0.41636735
0.4237787
0.35162073
0.227691
0.08044338
-0.061668288
-0.17019019
-0.21722333
-0.19644001
-0.12953429
-0.040072948
0.04837721
0.11224938
0.12804976
0.0877591
0.017883934
-0.050397653
-0.08590757
-0.05746773
0.066099964
0.066099964
-0.05746773
-0.08590757
-0.050397653
0.017883934
0.0877591
0.12804976
0.11224938
0.04837721
-0.040072948
-0.12953429
-0.19644001
-0.21722333
-0.17019019
-0.061668288
0.08044338
0.227691
0.35162073
0.4237787
0.41636735
0.32709974
0.18682832
0.028620295
-0.11445712
-0.20933674
-0.22306444
-0.14665629
-0.024609122
0.09134396
0.14946985
0.09803545
-0.11469238
-0.04996476
0.043612294
0.064895004
0.03769466
-0.014177433
-0.066909984
-0.0966917
-0.083334714
-0.033430662
0.034426175
0.10158491
0.14939466
0.15920453
0.114007704
0.02139797
-0.092093356
-0.19944783
-0.27364698
-0.28767234
-0.21526067
-0.059508014
0.13835093
0.33453256
0.48525327
0.5467295
0.47536042
0.26630017
0.0011702125
-0.22670843
-0.3240147
-0.19742754
0.24637409
0.06586167
-0.05754371
-0.08552852
-0.04955854
0.018900495
0.08838282
0.12742268
0.109360375
0.043056015
-0.0467102
-0.13508299
-0.19720708
-0.20822716
-0.1455315
-0.020078653
0.1313304
0.27122995
0.36215422
0.36663747
0.24838144
0.01647299
-0.2610441
-0.51218593
-0.66496843
-0.64740777
-0.38789254
0.10619444
0.65122384
1.0397191
1.0642037
0.517201
-0.80876553
-0.24823786
0.2169691
0.32234365
0.18659899
-0.071551636
-0.33339497
-0.48021778
-0.41146535
-0.1607856
0.17802349
0.51088023
0.74370295
0.78240985
0.5414889
0.06365254
-0.5096787
-1.0345453
-1.366988
-1.3630469
-0.8834284
0.029783294
1.0988876
2.0304372
2.5309849
2.3070834
1.0670344
-1.1100597
-3.3177915
-4.537814
-3.7517798
0.05865809
7.911847
