5.5956283
2.802199
0.68133223
-0.8398281
-1.8341388
-2.3744566
-2.5336385
-2.3845413
-2.0000212
-1.4529357
-0.8161411
-0.16249435
0.43514785
0.904917
1.2133657
1.3769562
1.415487
1.3487561
1.1965617
0.9787018
0.71497464
0.42517835
0.12911111
-0.15342894
-0.40264368
-0.598735
-0.7244145
-0.7809434
-0.7778966
-0.72488827
-0.6315327
-0.5074441
-0.36223662
-0.20552444
-0.046921827
0.10395706
0.237498
0.3440868
0.41413054
0.44254538
0.4343081
0.39575666
0.33322898
0.25306305
0.16159683
0.0651683
-0.02988459
-0.11722387
-0.19051155
-0.24340972
-0.26958036
-0.26321658
-0.22645746
-0.16755894
-0.09493433
-0.0169969
0.05784005
0.12116322
0.16455933
0.17961508
0.15791719
0.09105236
-0.0293927
-0.21183129
-0.59717494
-0.15080047
0.17525807
0.39468378
0.52115977
0.56836915
0.54999495
0.47972035
0.37122846
0.23820229
0.09432501
-0.0467203
-0.17125054
-0.26577675
-0.32435775
-0.350857
-0.34979331
-0.32568547
-0.2830523
-0.22641256
-0.16028504
-0.089188546
-0.017641852
0.04983624
0.10872695
0.15451148
0.18325594
0.19534934
0.19311811
0.17889792
0.15502435
0.12383307
0.08765968
0.048839804
0.0097090695
-0.0273969
-0.06014248
-0.08619205
-0.10321518
-0.10998388
-0.107729785
-0.09801738
-0.08241112
-0.062475454
-0.039774857
-0.01587379
0.00766329
0.02927192
0.047387637
0.06044598
0.06688248
0.06526404
0.056122817
0.04150391
0.023491308
0.004169006
-0.014379003
-0.030068722
-0.040816154
-0.04453731
-0.03914819
-0.022564797
0.007296861
0.052520778
0.18496118
0.03242682
-0.07188563
-0.13393366
-0.15967476
-0.15506643
-0.12606615
-0.0786314
-0.018719692
0.047711495
0.11470467
0.17630234
0.22654702
0.25957316
0.27309042
0.26945263
0.25132406
0.22136894
0.18225148
0.13663597
0.08718664
0.036567725
-0.012556531
-0.057521883
-0.09566409
-0.124318905
-0.14118877
-0.14668602
-0.14243764
-0.1300763
-0.1112347
-0.08754553
-0.060641468
-0.032155212
-0.0037194493
0.02303313
0.04646984
0.06495799
0.07686859
0.08135591
0.0793218
0.07190458
0.06024254
0.045474008
0.028737284
0.011170681
-0.0060874913
-0.021898923
-0.035125308
-0.044628333
-0.049269687
-0.048007097
-0.04123523
-0.030454913
-0.01719543
-0.0029860598
0.010643912
0.022165203
0.03004853
0.032764614
0.028784167
0.01657791
-0.005383439
-0.038629163
-0.08675829
-0.012878962
0.03635034
0.064198196
0.0739332
0.06882392
0.05213894
0.02714685
-0.0028837712
-0.03468434
-0.06498628
-0.090521
-0.10801992
-0.11427054
-0.1082405
-0.09172949
-0.06672651
-0.03522053
0.00079947297
0.039344516
0.078425616
0.116053805
0.1502401
0.17899549
0.20033105
0.21225776
0.21310128
0.20351258
0.18518485
0.15981618
0.12910467
0.094748415
0.05844551
0.021894064
-0.013207835
-0.045162085
-0.07227059
-0.09283525
-0.10516212
-0.10843833
-0.103816755
-0.092716254
-0.0765557
-0.056753956
-0.03472988
-0.011902337
0.010309808
0.030487692
0.047212448
0.05906522
0.06462713
0.062601514
0.053519774
0.039320625
0.021978967
0.0034697119
-0.014232237
-0.029151974
-0.03931459
-0.042745184
-0.037468847
-0.021510672
0.007104247
0.050350815
0.050350815
0.007104247
-0.021510672
-0.037468847
-0.042745184
-0.03931459
-0.029151974
-0.014232237
0.0034697119
0.021978967
0.039320625
0.053519774
0.062601514
0.06462713
0.05906522
0.047212448
0.030487692
0.010309808
-0.011902337
-0.03472988
-0.056753956
-0.0765557
-0.092716254
-0.103816755
-0.10843833
-0.10516212
-0.09283525
-0.07227059
-0.045162085
-0.013207835
0.021894064
0.05844551
0.094748415
0.12910467
0.15981618
0.18518485
0.20351258
0.21310128
0.21225776
0.20033105
0.17899549
0.1502401
0.116053805
0.078425616
0.039344516
0.00079947297
-0.03522053
-0.06672651
-0.09172949
-0.1082405
-0.11427054
-0.10801992
-0.090521
-0.06498628
-0.03468434
-0.0028837712
0.02714685
0.05213894
0.06882392
0.0739332
0.064198196
0.03635034
-0.012878962
-0.08675829
-0.038629163
-0.005383439
0.01657791
0.028784167
0.032764614
0.03004853
0.022165203
0.010643912
-0.0029860598
-0.01719543
-0.030454913
-0.04123523
-0.048007097
-0.049269687
-0.044628333
-0.035125308
-0.021898923
-0.0060874913
0.011170681
0.028737284
0.045474008
0.06024254
0.07190458
0.0793218
0.08135591
0.07686859
0.06495799
0.04646984
0.02303313
-0.0037194493
-0.032155212
-0.060641468
-0.08754553
-0.1112347
-0.1300763
-0.14243764
-0.14668602
-0.14118877
-0.124318905
-0.09566409
-0.057521883
-0.012556531
0.036567725
0.08718664
0.13663597
0.18225148
0.22136894
0.25132406
0.26945263
0.27309042
0.25957316
0.22654702
0.17630234
0.11470467
0.047711495
-0.018719692
-0.0786314
-0.12606615
-0.15506643
-0.15967476
-0.13393366
-0.07188563
0.03242682
0.18496118
0.052520778
0.007296861
-0.022564797
-0.03914819
-0.04453731
-0.040816154
-0.030068722
-0.014379003
0.004169006
0.023491308
0.04150391
0.056122817
0.06526404
0.06688248
0.06044598
0.047387637
0.02927192
0.00766329
-0.01587379
-0.039774857
-0.062475454
-0.08241112
-0.09801738
-0.107729785
-0.10998388
-0.10321518
-0.08619205
-0.06014248
-0.0273969
0.0097090695
0.048839804
0.08765968
0.12383307
0.15502435
0.17889792
0.19311811
0.19534934
0.18325594
0.15451148
0.10872695
0.04983624
-0.017641852
-0.089188546
-0.16028504
-0.22641256
-0.2830523
-0.32568547
-0.34979331
-0.350857
-0.32435775
-0.26577675
-0.17125054
-0.0467203
0.09432501
0.23820229
0.37122846
0.47972035
0.54999495
0.56836915
0.52115977
0.39468378
0.17525807
-0.15080047
-0.59717494
-0.21183129
-0.0293927
0.09105236
0.15791719
0.17961508
0.16455933
0.12116322
0.05784005
-0.0169969
-0.09493433
-0.16755894
-0.22645746
-0.26321658
-0.26958036
-0.24340972
-0.19051155
-0.11722387
-0.02988459
0.0651683
0.16159683
0.25306305
0.33322898
0.39575666
0.4343081
0.44254538
0.41413054
0.3440868
0.237498
0.10395706
-0.046921827
-0.20552444
-0.36223662
-0.5074441
-0.6315327
-0.72488827
-0.7778966
-0.7809434
-0.7244145
-0.598735
-0.40264368
-0.15342894
0.12911111
0.42517835
0.71497464
0.9787018
1.1965617
1.3487561
1.415487
1.3769562
1.2133657
0.904917
0.43514785
-0.16249435
-0.8161411
-1.4529357
-2.0000212
-2.3845413
-2.5336385
-2.3744566
-1.8341388
-0.8398281
0.68133223
2.802199
5.5956283
