0.52288896
0.36734638
0.23406303
0.12303893
0.034274098
-0.032231487
-0.07647782
-0.098464906
-0.09819273
-0.07566131
-0.042789046
-0.015232073
0.006939081
0.023724418
0.03512394
0.041137643
0.04176553
0.0370076
0.026863853
0.01409823
0.0033940768
-0.00517183
-0.01159949
-0.015888905
-0.018040074
-0.018052995
-0.015927672
-0.011664103
-0.006204099
-0.0015869568
0.002117272
0.004908588
0.00678699
0.0077524786
0.0078050536
0.0069447155
0.0051714643
0.002818376
0.0008047429
-0.000816143
-0.0020442817
-0.002879673
-0.003322317
-0.0033722138
-0.0030293632
-0.0022937653
-0.0012815145
-0.00040252402
0.00030737472
0.0008481816
0.0012198967
0.0014225199
0.0014560514
0.0013204908
0.0010158387
0.0005815879
0.000197927
-0.0001129291
-0.00035098038
-0.00051622686
-0.0006086685
-0.00062830537
-0.0005751374
-0.00044916457
-0.00026340602
-9.597603e-5
4.0106344e-5
0.0001448411
0.00021822825
0.00026026779
0.0002709597
0.00025030397
0.00019830065
0.00011906825
4.6012632e-5
-1.3544363e-5
-5.9602735e-5
-9.216248e-5
-0.000111223606
-0.00011678611
-0.00010884999
-8.741525e-5
-5.3713655e-5
-2.183675e-5
4.2245115e-6
2.4470128e-5
3.8900103e-5
4.751443e-5
5.0313116e-5
4.729616e-5
3.8463557e-5
2.4155233e-5
1.0234861e-5
-1.1730386e-6
-1.0068467e-5
-1.6451426e-5
-2.0321913e-5
-2.1679929e-5
-2.0525475e-5
-1.6858548e-5
-1.0762124e-5
-4.6516498e-6
3.57344e-7
4.264857e-6
7.0708893e-6
8.7754415e-6
9.378513e-6
8.880103e-6
7.2802136e-6
4.595405e-6
1.8359352e-6
-4.0197705e-7
-2.118332e-6
-3.3131296e-6
-3.9863703e-6
-4.138053e-6
-3.768179e-6
-2.8767477e-6
-1.466036e-6
-4.157113e-8
1.0118091e-6
1.6941048e-6
2.0053158e-6
1.945442e-6
1.5144836e-6
7.124407e-7
-4.6068695e-7
-2.0048992e-6
-0.23308861
-0.07219283
0.059508827
0.16201636
0.23532976
0.27944905
0.29437423
0.28010526
0.23664217
0.16398495
0.080822214
0.011703443
-0.043260776
-0.08407044
-0.110725544
-0.1232261
-0.1215721
-0.10576355
-0.075800434
-0.039146394
-0.008448114
0.016087083
0.034459196
0.04666822
0.052714165
0.052597024
0.0463168
0.03387349
0.017989527
0.004559765
-0.006213303
-0.014329677
-0.019789357
-0.022592343
-0.022738634
-0.020228231
-0.0150611345
-0.008206921
-0.0023416225
0.0023796274
0.005956829
0.008389982
0.009679087
0.009824144
0.008825152
0.0066821123
0.0037332096
0.0011725301
-0.0008955479
-0.0024710244
-0.0035538992
-0.0041441726
-0.0042418446
-0.003846915
-0.0029593837
-0.001694304
-0.0005766055
0.00032899465
0.0010224964
0.0015038997
0.0017732045
0.0018304109
0.0016755189
0.0013085285
0.00076736737
0.00027960198
-0.00011684
-0.00042195854
-0.0006357536
-0.0007582252
-0.0007893734
-0.00072919816
-0.00057769945
-0.0003468756
-0.0001340463
3.945813e-5
0.0001736377
0.00026849238
0.00032402223
0.00034022718
0.00031710727
0.0002546625
0.00015648133
6.361592e-5
-1.23070595e-5
-7.128761e-5
-0.00011332574
-0.00013842144
-0.0001465747
-0.00013778555
-0.00011205397
-7.037024e-5
-2.9816714e-5
3.4173552e-6
2.9331968e-5
4.7927122e-5
5.920282e-5
6.315906e-5
5.9795846e-5
4.9113172e-5
3.135276e-5
1.355142e-5
-1.0410325e-6
-1.2424596e-5
-2.0599271e-5
-2.5565058e-5
-2.7321956e-5
-2.5869966e-5
-2.1209085e-5
-1.3387565e-5
-5.348539e-6
1.1710598e-6
6.1712317e-6
9.651976e-6
1.1613294e-5
1.2055185e-5
1.0977649e-5
8.380686e-6
4.2709303e-6
1.2110712e-7
-2.9476532e-6
-4.935351e-6
-5.841987e-6
-5.66756e-6
-4.41207e-6
-2.075518e-6
1.3420964e-6
5.8407736e-6
0.08668828
0.020722063
-0.029800024
-0.06487798
-0.08451182
-0.08870152
-0.07744709
-0.050748535
-0.008605854
0.048980955
0.10948127
0.15643471
0.18976715
0.2094786
0.21556903
0.20803846
0.18688689
0.15211432
0.10372073
0.05007039
0.005336023
-0.030250028
-0.056687757
-0.07397717
-0.08211827
-0.08111105
-0.07095551
-0.051651653
-0.027282897
-0.0066910246
0.00982024
0.022250894
0.030600943
0.034870382
0.03505921
0.031167433
0.023195047
0.012632799
0.0035951603
-0.0036793523
-0.009190738
-0.012938998
-0.0149241295
-0.015146135
-0.0136050135
-0.010300766
-0.0057546305
-0.0018070359
0.0013811415
0.0038099017
0.0054792445
0.0063891704
0.0065396796
0.005930771
0.0045624455
0.002612076
0.0008889256
-0.000507233
-0.0015764001
-0.0023185755
-0.0027337593
-0.0028219514
-0.002583152
-0.0020173609
-0.0011830512
-0.000431062
0.00018013355
0.0006505355
0.0009801438
0.0011689585
0.0012169797
0.0011242072
0.00089064107
0.0005347792
0.00020665958
-6.083277e-5
-0.00026769785
-0.00041393563
-0.0004995461
-0.0005245294
-0.00048888533
-0.00039261402
-0.00024124778
-9.8076875e-5
1.8973837e-5
0.00010990435
0.00017471466
0.00021340478
0.00022597471
0.00021242445
0.00017275398
0.000108490036
4.596853e-5
-5.268548e-6
-4.5221193e-5
-7.38894e-5
-9.1273185e-5
-9.737253e-5
-9.218745e-5
-7.571794e-5
-4.8336657e-5
-2.089227e-5
1.6049634e-6
1.9155043e-5
3.1757965e-5
3.9413735e-5
4.212235e-5
3.988381e-5
3.2698117e-5
2.0639653e-5
8.24586e-6
-1.8054267e-6
-9.514209e-6
-1.4880484e-5
-1.7904254e-5
-1.8585519e-5
-1.6924278e-5
-1.2920532e-5
-6.584507e-6
-1.8671125e-7
4.544407e-6
7.6088477e-6
9.0066105e-6
8.737696e-6
6.802103e-6
3.1998331e-6
-2.0691145e-6
-9.00474e-6
-0.036738105
-0.008476296
0.013011589
0.027725553
0.035665594
0.036831714
0.031223912
0.018842187
-0.0003134585
-0.026243027
-0.05207175
-0.06876887
-0.07629371
-0.07464626
-0.06382653
-0.043834515
-0.01467022
0.023666358
0.07117522
0.12022653
0.15789197
0.1839596
0.1984294
0.2013014
0.19257559
0.17225195
0.14033051
0.09681124
0.04783806
0.006714232
-0.026103245
-0.050614376
-0.06681916
-0.074717596
-0.07430969
-0.06559543
-0.048574828
-0.026315643
-0.0072849034
0.008026545
0.019618703
0.027491571
0.03164515
0.03207944
0.028794438
0.021790145
0.012167268
0.0038122449
-0.0029352019
-0.0080750715
-0.011607365
-0.013532081
-0.01384922
-0.0125587825
-0.009660767
-0.0055306884
-0.001881819
0.0010746149
0.0033386133
0.004910176
0.0057893037
0.0059759957
0.005470252
0.004272073
0.0025052822
0.0009128216
-0.0003814848
-0.0013776371
-0.0020756354
-0.0024754794
-0.0025771696
-0.0023807054
-0.0018860874
-0.0011324874
-0.0004376368
0.00012882499
0.0005668979
0.00087658194
0.0010578771
0.0011107833
0.0010353007
0.0008314292
0.00051088457
0.00020769499
-4.018048e-5
-0.00023274183
-0.00036998908
-0.0004519222
-0.00047854122
-0.00044984615
-0.00036583695
-0.00022974674
-9.734645e-5
1.115708e-5
9.576383e-5
0.00015647382
0.00019328704
0.00020620348
0.00019522315
0.00016034606
0.00010236138
4.4243057e-5
-3.3987924e-6
-4.0564173e-5
-6.725308e-5
-8.346552e-5
-8.920149e-5
-8.446099e-5
-6.9244015e-5
-4.3708096e-5
-1.746206e-5
3.823309e-6
2.014801e-5
3.1512045e-5
3.7915408e-5
3.9358107e-5
3.5840138e-5
2.73615e-5
1.39438525e-5
3.9539393e-7
-9.623582e-6
-1.6113074e-5
-1.9073083e-5
-1.8503608e-5
-1.4404651e-5
-6.77621e-6
4.381714e-6
1.906912e-5
0.015793523
0.0036305361
-0.0056103608
-0.011929167
-0.015325883
-0.01580051
-0.013353046
-0.007983492
0.0003081534
0.011521888
0.022633798
0.029671635
0.032617513
0.031471424
0.026233371
0.016903358
0.003481378
-0.014032564
-0.03563847
-0.056781683
-0.069744594
-0.074400686
-0.07074995
-0.058792405
-0.038528033
-0.00995684
0.026921172
0.072106004
0.119564794
0.15623465
0.18166684
0.19586135
0.1988182
0.1905374
0.17101893
0.14026278
0.098268986
0.049983807
0.009059022
-0.023713961
-0.048335146
-0.06480453
-0.073122114
-0.0732879
-0.06530189
-0.04916407
-0.027313659
-0.008363141
0.006934644
0.018579694
0.026572011
0.030911593
0.03159844
0.028632555
0.022013936
0.012596727
0.004277966
-0.0024618919
-0.0076228464
-0.011204897
-0.013208045
-0.013632288
-0.012477628
-0.009744064
-0.005713972
-0.0020816
0.00087067636
0.0031428572
0.0047349427
0.0056469324
0.0058788266
0.0054306258
0.004302329
0.0025832905
0.000998269
-0.0002938846
-0.0012931703
-0.001999588
-0.0024131376
-0.0025338195
-0.0023616333
-0.0018965792
-0.001165382
-0.00047377375
9.1656984e-5
0.0005309102
0.00084398594
0.0010308842
0.0010916049
0.0010261482
0.00083451404
0.0005240774
0.00022205785
-2.545056e-5
-0.00021844782
-0.00035693392
-0.0004409089
-0.0004703727
-0.0004453254
-0.0003657669
-0.0002334975
-0.00010092326
7.753019e-6
9.253132e-5
0.00015341165
0.00019039398
0.00020347837
0.00019266477
0.00015795318
9.970296e-5
3.983287e-5
-8.721386e-6
-4.5959816e-5
-7.188242e-5
-8.64892e-5
-8.978015e-5
-8.175528e-5
-6.2414576e-5
-3.1807453e-5
-9.019368e-7
2.1952443e-5
3.6755686e-5
4.350779e-5
4.2208758e-5
3.2858585e-5
1.5457277e-5
-9.995169e-6
-4.3498752e-5
-0.0067992373
-0.0015623971
0.0024160277
0.0051360372
0.006597631
0.0068008094
0.0057455725
0.0034319202
-0.00014014775
-0.004970631
-0.009754754
-0.0127785485
-0.014034295
-0.0135219935
-0.011241644
-0.007193246
-0.0013768001
0.006207694
0.015560237
0.024664989
0.030106224
0.03182795
0.029830161
0.024112862
0.014676051
0.0015197292
-0.015356105
-0.03595145
-0.05660194
-0.06937317
-0.073992565
-0.07046013
-0.058775883
-0.038939808
-0.010951908
0.025187816
0.06947937
0.116993405
0.15412498
0.18008538
0.19487461
0.19849269
0.19093959
0.17221534
0.14231992
0.10125333
0.053002413
0.011644152
-0.02159095
-0.046702895
-0.063691676
-0.0725573
-0.073299766
-0.06591907
-0.050415218
-0.028708786
-0.009562411
0.005943576
0.017809177
0.026034394
0.030619223
0.031563666
0.028867725
0.022531396
0.013206431
0.0048033185
-0.0020261921
-0.0072821006
-0.010964408
-0.013073113
-0.013608216
-0.012569717
-0.009957617
-0.005978683
-0.0023100367
0.00068073435
0.0029936298
0.0046286494
0.005585794
0.005865063
0.005466456
0.004389974
0.0026974743
0.0010966161
-0.0002121798
-0.0012289135
-0.001953585
-0.0023861947
-0.002526742
-0.002375227
-0.0019316497
-0.0012130815
-0.0005139965
5.8911406e-5
0.0005056423
0.00082619616
0.0010205731
0.0010887729
0.0010307956
0.00084664143
0.00054047717
0.00023360724
-1.7945973e-5
-0.00021418248
-0.0003551023
-0.00044070542
-0.00047099183
-0.00044596157
-0.0003656146
-0.00023078267
-9.220124e-5
2.0187414e-5
0.0001063833
0.00016638641
0.00020019675
0.00020781433
0.00018923913
0.00014447117
7.362479e-5
2.087715e-6
-5.081337e-5
-8.507847e-5
-0.000100707584
-9.770071e-5
-7.605784e-5
-3.5778994e-5
2.3135843e-5
0.000100686666
0.002927496
0.0006726846
-0.0010402818
-0.0022114033
-0.0028406796
-0.002928111
-0.0024736973
-0.0014774387
6.066506e-5
0.0021406137
0.0042004925
0.005502164
0.0060423035
0.005820911
0.004837986
0.0030935293
0.00058754033
-0.0026799806
-0.0067090336
-0.010629303
-0.012966084
-0.013695204
-0.01281666
-0.010330454
-0.0062365867
-0.0005350559
0.0067741373
0.015690994
0.024591764
0.029960569
0.031676635
0.029739957
0.024150541
0.0149083845
0.002013487
-0.014534151
-0.03473453
-0.05558359
-0.06879013
-0.073873505
-0.07083371
-0.059670758
-0.040384628
-0.012975333
0.02255713
0.06621276
0.114007264
0.15187266
0.17857923
0.19412695
0.19851585
0.1917459
0.17381713
0.14472952
0.10448309
0.056225035
0.014314532
-0.01947811
-0.045152895
-0.062709816
-0.07214888
-0.073470086
-0.06667343
-0.05175891
-0.030196039
-0.010801816
0.00495425
0.017072162
0.025551919
0.030393522
0.03159697
0.029162263
0.023089401
0.013856941
0.0053465017
-0.0015911488
-0.0069560115
-0.0107480865
-0.012967373
-0.013613872
-0.0126875825
-0.010188506
-0.0062601776
-0.0025446631
0.00049297756
0.0028527447
0.004534638
0.0055386582
0.005864804
0.0055130767
0.004483476
0.0028156228
0.0011929985
-0.00013675987
-0.0011736521
-0.0019176783
-0.0023688385
-0.0025271324
-0.0023925605
-0.0019651223
-0.00125449
-0.00054222025
4.1655032e-5
0.00049713574
0.00082422193
0.0010229136
0.0010932108
0.0010351134
0.00084862136
0.0005356654
0.00021400656
-4.6856687e-5
-0.00024692438
-0.0003861965
-0.00046467307
-0.00048235408
-0.00043923952
-0.00033532942
-0.00017088917
-4.845755e-6
0.000117942
0.0001974741
0.00023375054
0.00022677134
0.00017653649
8.3045976e-5
-5.3700187e-5
-0.000233702
-0.0012604748
-0.00028963276
0.0004479094
0.0009521518
0.0012230943
0.001260737
0.0010650798
0.0006361228
-2.6134112e-5
-0.00092169084
-0.0018086013
-0.0023690432
-0.0026015847
-0.0025062258
-0.0020829665
-0.001331807
-0.00025274712
0.0011542131
0.0028890737
0.0045770053
0.0055828807
0.005896288
0.0055172266
0.004445697
0.0026816993
0.00022523345
-0.0029237007
-0.0067651034
-0.010597863
-0.012903874
-0.013630986
-0.0127791995
-0.010348514
-0.0063389307
-0.0007504484
0.006416932
0.015163211
0.02415694
0.029723313
0.031649303
0.029934905
0.024580125
0.015584959
0.0029494066
-0.01332653
-0.03324285
-0.054369923
-0.06812902
-0.07377025
-0.071293615
-0.060699124
-0.041986763
-0.015156544
0.01979154
0.06285749
0.11089444
0.1495449
0.17703874
0.19337599
0.19855662
0.19258064
0.17544806
0.14715888
0.10771308
0.059519883
0.017034529
-0.01733378
-0.04358504
-0.06171925
-0.07173642
-0.07363653
-0.067419596
-0.053085618
-0.03171415
-0.012061619
0.0039527575
0.016328981
0.02506705
0.030166963
0.031628724
0.029452331
0.023637783
0.014517464
0.0058938237
-0.0011562188
-0.006632664
-0.010535511
-0.012864762
-0.013620415
-0.01280247
-0.010410927
-0.0065377746
-0.0027697927
0.00031809797
0.0027258976
0.004453606
0.0055012233
0.005868749
0.0055561843
0.004563528
0.0029132408
0.0012591584
-9.675695e-5
-0.001154505
-0.0019140858
-0.0023754993
-0.0025387458
-0.0024038248
-0.0019707368
-0.0012439647
-0.00049698236
0.00010881544
0.0005734288
0.0008968578
0.0010791024
0.0011201625
0.0010200383
0.0007787295
0.00039685282
1.12531525e-5
-0.0002738947
-0.00045859066
-0.0005428348
-0.0005266271
-0.0004099676
-0.00019285621
0.000124707
0.00054272206
0.00054272206
0.000124707
-0.00019285621
-0.0004099676
-0.0005266271
-0.0005428348
-0.00045859066
-0.0002738947
1.12531525e-5
0.00039685282
0.0007787295
0.0010200383
0.0011201625
0.0010791024
0.0008968578
0.0005734288
0.00010881544
-0.00049698236
-0.0012439647
-0.0019707368
-0.0024038248
-0.0025387458
-0.0023754993
-0.0019140858
-0.001154505
-9.675695e-5
0.0012591584
0.0029132408
0.004563528
0.0055561843
0.005868749
0.0055012233
0.004453606
0.0027258976
0.00031809797
-0.0027697927
-0.0065377746
-0.010410927
-0.01280247
-0.013620415
-0.012864762
-0.010535511
-0.006632664
-0.0011562188
0.0058938237
0.014517464
0.023637783
0.029452331
0.031628724
0.030166963
0.02506705
0.016328981
0.0039527575
-0.012061619
-0.03171415
-0.053085618
-0.067419596
-0.07363653
-0.07173642
-0.06171925
-0.04358504
-0.01733378
0.017034529
0.059519883
0.10771308
0.14715888
0.17544806
0.19258064
0.19855662
0.19337599
0.17703874
0.1495449
0.11089444
0.06285749
0.01979154
-0.015156544
-0.041986763
-0.060699124
-0.071293615
-0.07377025
-0.06812902
-0.054369923
-0.03324285
-0.01332653
0.0029494066
0.015584959
0.024580125
0.029934905
0.031649303
0.029723313
0.02415694
0.015163211
0.006416932
-0.0007504484
-0.0063389307
-0.010348514
-0.0127791995
-0.013630986
-0.012903874
-0.010597863
-0.0067651034
-0.0029237007
0.00022523345
0.0026816993
0.004445697
0.0055172266
0.005896288
0.0055828807
0.0045770053
0.0028890737
0.0011542131
-0.00025274712
-0.001331807
-0.0020829665
-0.0025062258
-0.0026015847
-0.0023690432
-0.0018086013
-0.00092169084
-2.6134112e-5
0.0006361228
0.0010650798
0.001260737
0.0012230943
0.0009521518
0.0004479094
-0.00028963276
-0.0012604748
-0.000233702
-5.3700187e-5
8.3045976e-5
0.00017653649
0.00022677134
0.00023375054
0.0001974741
0.000117942
-4.845755e-6
-0.00017088917
-0.00033532942
-0.00043923952
-0.00048235408
-0.00046467307
-0.0003861965
-0.00024692438
-4.6856687e-5
0.00021400656
0.0005356654
0.00084862136
0.0010351134
0.0010932108
0.0010229136
0.00082422193
0.00049713574
4.1655032e-5
-0.00054222025
-0.00125449
-0.0019651223
-0.0023925605
-0.0025271324
-0.0023688385
-0.0019176783
-0.0011736521
-0.00013675987
0.0011929985
0.0028156228
0.004483476
0.0055130767
0.005864804
0.0055386582
0.004534638
0.0028527447
0.00049297756
-0.0025446631
-0.0062601776
-0.010188506
-0.0126875825
-0.013613872
-0.012967373
-0.0107480865
-0.0069560115
-0.0015911488
0.0053465017
0.013856941
0.023089401
0.029162263
0.03159697
0.030393522
0.025551919
0.017072162
0.00495425
-0.010801816
-0.030196039
-0.05175891
-0.06667343
-0.073470086
-0.07214888
-0.062709816
-0.045152895
-0.01947811
0.014314532
0.056225035
0.10448309
0.14472952
0.17381713
0.1917459
0.19851585
0.19412695
0.17857923
0.15187266
0.114007264
0.06621276
0.02255713
-0.012975333
-0.040384628
-0.059670758
-0.07083371
-0.073873505
-0.06879013
-0.05558359
-0.03473453
-0.014534151
0.002013487
0.0149083845
0.024150541
0.029739957
0.031676635
0.029960569
0.024591764
0.015690994
0.0067741373
-0.0005350559
-0.0062365867
-0.010330454
-0.01281666
-0.013695204
-0.012966084
-0.010629303
-0.0067090336
-0.0026799806
0.00058754033
0.0030935293
0.004837986
0.005820911
0.0060423035
0.005502164
0.0042004925
0.0021406137
6.066506e-5
-0.0014774387
-0.0024736973
-0.002928111
-0.0028406796
-0.0022114033
-0.0010402818
0.0006726846
0.002927496
0.000100686666
2.3135843e-5
-3.5778994e-5
-7.605784e-5
-9.770071e-5
-0.000100707584
-8.507847e-5
-5.081337e-5
2.087715e-6
7.362479e-5
0.00014447117
0.00018923913
0.00020781433
0.00020019675
0.00016638641
0.0001063833
2.0187414e-5
-9.220124e-5
-0.00023078267
-0.0003656146
-0.00044596157
-0.00047099183
-0.00044070542
-0.0003551023
-0.00021418248
-1.7945973e-5
0.00023360724
0.00054047717
0.00084664143
0.0010307956
0.0010887729
0.0010205731
0.00082619616
0.0005056423
5.8911406e-5
-0.0005139965
-0.0012130815
-0.0019316497
-0.002375227
-0.002526742
-0.0023861947
-0.001953585
-0.0012289135
-0.0002121798
0.0010966161
0.0026974743
0.004389974
0.005466456
0.005865063
0.005585794
0.0046286494
0.0029936298
0.00068073435
-0.0023100367
-0.005978683
-0.009957617
-0.012569717
-0.013608216
-0.013073113
-0.010964408
-0.0072821006
-0.0020261921
0.0048033185
0.013206431
0.022531396
0.028867725
0.031563666
0.030619223
0.026034394
0.017809177
0.005943576
-0.009562411
-0.028708786
-0.050415218
-0.06591907
-0.073299766
-0.0725573
-0.063691676
-0.046702895
-0.02159095
0.011644152
0.053002413
0.10125333
0.14231992
0.17221534
0.19093959
0.19849269
0.19487461
0.18008538
0.15412498
0.116993405
0.06947937
0.025187816
-0.010951908
-0.038939808
-0.058775883
-0.07046013
-0.073992565
-0.06937317
-0.05660194
-0.03595145
-0.015356105
0.0015197292
0.014676051
0.024112862
0.029830161
0.03182795
0.030106224
0.024664989
0.015560237
0.006207694
-0.0013768001
-0.007193246
-0.011241644
-0.0135219935
-0.014034295
-0.0127785485
-0.009754754
-0.004970631
-0.00014014775
0.0034319202
0.0057455725
0.0068008094
0.006597631
0.0051360372
0.0024160277
-0.0015623971
-0.0067992373
-4.3498752e-5
-9.995169e-6
1.5457277e-5
3.2858585e-5
4.2208758e-5
4.350779e-5
3.6755686e-5
2.1952443e-5
-9.019368e-7
-3.1807453e-5
-6.2414576e-5
-8.175528e-5
-8.978015e-5
-8.64892e-5
-7.188242e-5
-4.5959816e-5
-8.721386e-6
3.983287e-5
9.970296e-5
0.00015795318
0.00019266477
0.00020347837
0.00019039398
0.00015341165
9.253132e-5
7.753019e-6
-0.00010092326
-0.0002334975
-0.0003657669
-0.0004453254
-0.0004703727
-0.0004409089
-0.00035693392
-0.00021844782
-2.545056e-5
0.00022205785
0.0005240774
0.00083451404
0.0010261482
0.0010916049
0.0010308842
0.00084398594
0.0005309102
9.1656984e-5
-0.00047377375
-0.001165382
-0.0018965792
-0.0023616333
-0.0025338195
-0.0024131376
-0.001999588
-0.0012931703
-0.0002938846
0.000998269
0.0025832905
0.004302329
0.0054306258
0.0058788266
0.0056469324
0.0047349427
0.0031428572
0.00087067636
-0.0020816
-0.005713972
-0.009744064
-0.012477628
-0.013632288
-0.013208045
-0.011204897
-0.0076228464
-0.0024618919
0.004277966
0.012596727
0.022013936
0.028632555
0.03159844
0.030911593
0.026572011
0.018579694
0.006934644
-0.008363141
-0.027313659
-0.04916407
-0.06530189
-0.0732879
-0.073122114
-0.06480453
-0.048335146
-0.023713961
0.009059022
0.049983807
0.098268986
0.14026278
0.17101893
0.1905374
0.1988182
0.19586135
0.18166684
0.15623465
0.119564794
0.072106004
0.026921172
-0.00995684
-0.038528033
-0.058792405
-0.07074995
-0.074400686
-0.069744594
-0.056781683
-0.03563847
-0.014032564
0.003481378
0.016903358
0.026233371
0.031471424
0.032617513
0.029671635
0.022633798
0.011521888
0.0003081534
-0.007983492
-0.013353046
-0.01580051
-0.015325883
-0.011929167
-0.0056103608
0.0036305361
0.015793523
1.906912e-5
4.381714e-6
-6.77621e-6
-1.4404651e-5
-1.8503608e-5
-1.9073083e-5
-1.6113074e-5
-9.623582e-6
3.9539393e-7
1.39438525e-5
2.73615e-5
3.5840138e-5
3.9358107e-5
3.7915408e-5
3.1512045e-5
2.014801e-5
3.823309e-6
-1.746206e-5
-4.3708096e-5
-6.9244015e-5
-8.446099e-5
-8.920149e-5
-8.346552e-5
-6.725308e-5
-4.0564173e-5
-3.3987924e-6
4.4243057e-5
0.00010236138
0.00016034606
0.00019522315
0.00020620348
0.00019328704
0.00015647382
9.576383e-5
1.115708e-5
-9.734645e-5
-0.00022974674
-0.00036583695
-0.00044984615
-0.00047854122
-0.0004519222
-0.00036998908
-0.00023274183
-4.018048e-5
0.00020769499
0.00051088457
0.0008314292
0.0010353007
0.0011107833
0.0010578771
0.00087658194
0.0005668979
0.00012882499
-0.0004376368
-0.0011324874
-0.0018860874
-0.0023807054
-0.0025771696
-0.0024754794
-0.0020756354
-0.0013776371
-0.0003814848
0.0009128216
0.0025052822
0.004272073
0.005470252
0.0059759957
0.0057893037
0.004910176
0.0033386133
0.0010746149
-0.001881819
-0.0055306884
-0.009660767
-0.0125587825
-0.01384922
-0.013532081
-0.011607365
-0.0080750715
-0.0029352019
0.0038122449
0.012167268
0.021790145
0.028794438
0.03207944
0.03164515
0.027491571
0.019618703
0.008026545
-0.0072849034
-0.026315643
-0.048574828
-0.06559543
-0.07430969
-0.074717596
-0.06681916
-0.050614376
-0.026103245
0.006714232
0.04783806
0.09681124
0.14033051
0.17225195
0.19257559
0.2013014
0.1984294
0.1839596
0.15789197
0.12022653
0.07117522
0.023666358
-0.01467022
-0.043834515
-0.06382653
-0.07464626
-0.07629371
-0.06876887
-0.05207175
-0.026243027
-0.0003134585
0.018842187
0.031223912
0.036831714
0.035665594
0.027725553
0.013011589
-0.008476296
-0.036738105
-9.00474e-6
-2.0691145e-6
3.1998331e-6
6.802103e-6
8.737696e-6
9.0066105e-6
7.6088477e-6
4.544407e-6
-1.8671125e-7
-6.584507e-6
-1.2920532e-5
-1.6924278e-5
-1.8585519e-5
-1.7904254e-5
-1.4880484e-5
-9.514209e-6
-1.8054267e-6
8.24586e-6
2.0639653e-5
3.2698117e-5
3.988381e-5
4.212235e-5
3.9413735e-5
3.1757965e-5
1.9155043e-5
1.6049634e-6
-2.089227e-5
-4.8336657e-5
-7.571794e-5
-9.218745e-5
-9.737253e-5
-9.1273185e-5
-7.38894e-5
-4.5221193e-5
-5.268548e-6
4.596853e-5
0.000108490036
0.00017275398
0.00021242445
0.00022597471
0.00021340478
0.00017471466
0.00010990435
1.8973837e-5
-9.8076875e-5
-0.00024124778
-0.00039261402
-0.00048888533
-0.0005245294
-0.0004995461
-0.00041393563
-0.00026769785
-6.083277e-5
0.00020665958
0.0005347792
0.00089064107
0.0011242072
0.0012169797
0.0011689585
0.0009801438
0.0006505355
0.00018013355
-0.000431062
-0.0011830512
-0.0020173609
-0.002583152
-0.0028219514
-0.0027337593
-0.0023185755
-0.0015764001
-0.000507233
0.0008889256
0.002612076
0.0045624455
0.005930771
0.0065396796
0.0063891704
0.0054792445
0.0038099017
0.0013811415
-0.0018070359
-0.0057546305
-0.010300766
-0.0136050135
-0.015146135
-0.0149241295
-0.012938998
-0.009190738
-0.0036793523
0.0035951603
0.012632799
0.023195047
0.031167433
0.03505921
0.034870382
0.030600943
0.022250894
0.00982024
-0.0066910246
-0.027282897
-0.051651653
-0.07095551
-0.08111105
-0.08211827
-0.07397717
-0.056687757
-0.030250028
0.005336023
0.05007039
0.10372073
0.15211432
0.18688689
0.20803846
0.21556903
0.2094786
0.18976715
0.15643471
0.10948127
0.048980955
-0.008605854
-0.050748535
-0.07744709
-0.08870152
-0.08451182
-0.06487798
-0.029800024
0.020722063
0.08668828
5.8407736e-6
1.3420964e-6
-2.075518e-6
-4.41207e-6
-5.66756e-6
-5.841987e-6
-4.935351e-6
-2.9476532e-6
1.2110712e-7
4.2709303e-6
8.380686e-6
1.0977649e-5
1.2055185e-5
1.1613294e-5
9.651976e-6
6.1712317e-6
1.1710598e-6
-5.348539e-6
-1.3387565e-5
-2.1209085e-5
-2.5869966e-5
-2.7321956e-5
-2.5565058e-5
-2.0599271e-5
-1.2424596e-5
-1.0410325e-6
1.355142e-5
3.135276e-5
4.9113172e-5
5.9795846e-5
6.315906e-5
5.920282e-5
4.7927122e-5
2.9331968e-5
3.4173552e-6
-2.9816714e-5
-7.037024e-5
-0.00011205397
-0.00013778555
-0.0001465747
-0.00013842144
-0.00011332574
-7.128761e-5
-1.23070595e-5
6.361592e-5
0.00015648133
0.0002546625
0.00031710727
0.00034022718
0.00032402223
0.00026849238
0.0001736377
3.945813e-5
-0.0001340463
-0.0003468756
-0.00057769945
-0.00072919816
-0.0007893734
-0.0007582252
-0.0006357536
-0.00042195854
-0.00011684
0.00027960198
0.00076736737
0.0013085285
0.0016755189
0.0018304109
0.0017732045
0.0015038997
0.0010224964
0.00032899465
-0.0005766055
-0.001694304
-0.0029593837
-0.003846915
-0.0042418446
-0.0041441726
-0.0035538992
-0.0024710244
-0.0008955479
0.0011725301
0.0037332096
0.0066821123
0.008825152
0.009824144
0.009679087
0.008389982
0.005956829
0.0023796274
-0.0023416225
-0.008206921
-0.0150611345
-0.020228231
-0.022738634
-0.022592343
-0.019789357
-0.014329677
-0.006213303
0.004559765
0.017989527
0.03387349
0.0463168
0.052597024
0.052714165
0.04666822
0.034459196
0.016087083
-0.008448114
-0.039146394
-0.075800434
-0.10576355
-0.1215721
-0.1232261
-0.110725544
-0.08407044
-0.043260776
0.011703443
0.080822214
0.16398495
0.23664217
0.28010526
0.29437423
0.27944905
0.23532976
0.16201636
0.059508827
-0.07219283
-0.23308861
-2.0048992e-6
-4.6068695e-7
7.124407e-7
1.5144836e-6
1.945442e-6
2.0053158e-6
1.6941048e-6
1.0118091e-6
-4.157113e-8
-1.466036e-6
-2.8767477e-6
-3.768179e-6
-4.138053e-6
-3.9863703e-6
-3.3131296e-6
-2.118332e-6
-4.0197705e-7
1.8359352e-6
4.595405e-6
7.2802136e-6
8.880103e-6
9.378513e-6
8.7754415e-6
7.0708893e-6
4.264857e-6
3.57344e-7
-4.6516498e-6
-1.0762124e-5
-1.6858548e-5
-2.0525475e-5
-2.1679929e-5
-2.0321913e-5
-1.6451426e-5
-1.0068467e-5
-1.1730386e-6
1.0234861e-5
2.4155233e-5
3.8463557e-5
4.729616e-5
5.0313116e-5
4.751443e-5
3.8900103e-5
2.4470128e-5
4.2245115e-6
-2.183675e-5
-5.3713655e-5
-8.741525e-5
-0.00010884999
-0.00011678611
-0.000111223606
-9.216248e-5
-5.9602735e-5
-1.3544363e-5
4.6012632e-5
0.00011906825
0.00019830065
0.00025030397
0.0002709597
0.00026026779
0.00021822825
0.0001448411
4.0106344e-5
-9.597603e-5
-0.00026340602
-0.00044916457
-0.0005751374
-0.00062830537
-0.0006086685
-0.00051622686
-0.00035098038
-0.0001129291
0.000197927
0.0005815879
0.0010158387
0.0013204908
0.0014560514
0.0014225199
0.0012198967
0.0008481816
0.00030737472
-0.00040252402
-0.0012815145
-0.0022937653
-0.0030293632
-0.0033722138
-0.003322317
-0.002879673
-0.0020442817
-0.000816143
0.0008047429
0.002818376
0.0051714643
0.0069447155
0.0078050536
0.0077524786
0.00678699
0.004908588
0.002117272
-0.0015869568
-0.006204099
-0.011664103
-0.015927672
-0.018052995
-0.018040074
-0.015888905
-0.01159949
-0.00517183
0.0033940768
0.01409823
0.026863853
0.0370076
0.04176553
0.041137643
0.03512394
0.023724418
0.006939081
-0.015232073
-0.042789046
-0.07566131
-0.09819273
-0.098464906
-0.07647782
-0.032231487
0.034274098
0.12303893
0.23406303
0.36734638
0.52288896
