0.10428091
0.09929451
0.09440946
0.08962573
0.08494335
0.08036229
0.07588258
0.07150419
0.06722715
0.06305143
0.058977056
0.055004016
0.051132306
0.047361936
0.0436929
0.0401252
0.036658835
0.033293802
0.030030107
0.026867747
0.023806723
0.020847034
0.01798868
0.015231661
0.012575977
0.010021628
0.007568614
0.005216936
0.002966593
0.00081758515
-0.0012300874
-0.0031764247
-0.005021427
-0.0067650937
-0.008407425
-0.009948422
-0.011388083
-0.012726409
-0.0139634
-0.015099056
-0.016133375
-0.017066361
-0.017898012
-0.018628325
-0.019257305
-0.01978495
-0.020211259
-0.020536233
-0.020759871
-0.020882174
-0.020903142
-0.020822776
-0.020641074
-0.020358035
-0.019973664
-0.019487955
-0.018900912
-0.018212534
-0.017422821
-0.016531771
-0.015539387
-0.014445668
-0.013250614
-0.011954225
-0.010574846
-0.009222552
-0.0079156915
-0.0066542616
-0.005438264
-0.004267698
-0.0031425643
-0.0020628623
-0.0010285919
-3.9753384e-5
0.0009036533
0.0018016282
0.002654171
0.0034612825
0.0042229616
0.004939209
0.005610025
0.006235409
0.0068153613
0.0073498813
0.00783897
0.008282627
0.008680851
0.009033645
0.009341005
0.009602935
0.009819432
0.009990498
0.010116132
0.010196335
0.010231105
0.010220443
0.010164349
0.010062824
0.009915868
0.009723479
0.009485658
0.009202406
0.008873722
0.008499605
0.008080057
0.0076150773
0.007104666
0.0065488224
0.005947547
0.0053008404
0.0046087014
0.0038711308
0.003088128
0.0022596938
0.0013858277
0.00046652975
-0.0004982
-0.0015083617
-0.002563955
-0.0036649802
-0.0048114373
-0.0060033263
-0.007240647
-0.008523399
-0.009851584
-0.0112252
-0.012644248
-0.014108728
-0.055645794
-0.05049556
-0.045473237
-0.040578816
-0.035812303
-0.031173695
-0.026662994
-0.0222802
-0.01802531
-0.013898328
-0.009899252
-0.0060280827
-0.0022848197
0.0013305373
0.004817988
0.008177532
0.01140917
0.014512902
0.017488727
0.020336647
0.02305666
0.025648765
0.028112967
0.03044926
0.03265765
0.03473813
0.036690705
0.038515374
0.040212136
0.041780993
0.043221943
0.044534985
0.045720123
0.046777353
0.04770668
0.048508096
0.04918161
0.049727216
0.050144915
0.05043471
0.050596595
0.050630577
0.05053665
0.050314818
0.04996508
0.049487434
0.048881885
0.048148427
0.047287066
0.046297792
0.04518062
0.043935537
0.042562548
0.04106165
0.03943285
0.037676144
0.03579153
0.03377901
0.031638585
0.02937025
0.026974011
0.024449866
0.021797815
0.019017857
0.016138393
0.013329818
0.010620532
0.008010535
0.0054998267
0.0030884081
0.0007762786
-0.0014365619
-0.0035501134
-0.005564376
-0.007479349
-0.009295033
-0.011011428
-0.012628535
-0.014146352
-0.015564879
-0.016884118
-0.018104069
-0.01922473
-0.020246102
-0.021168184
-0.021990977
-0.02271448
-0.023338696
-0.023863623
-0.02428926
-0.024615608
-0.024842666
-0.024970436
-0.024998918
-0.02492811
-0.024758011
-0.024488626
-0.02411995
-0.023651985
-0.023084732
-0.02241819
-0.021652358
-0.020787237
-0.019822827
-0.018759128
-0.017596139
-0.016333861
-0.014972296
-0.013511441
-0.011951296
-0.010291862
-0.00853314
-0.0066751284
-0.004717828
-0.0026612377
-0.0005053589
0.0017498091
0.004104266
0.006558012
0.009111048
0.0117633715
0.0145149855
0.017365888
0.02031608
0.023365559
0.026514329
0.02976239
0.033109736
0.033109736
0.02976239
0.026514329
0.023365559
0.02031608
0.017365888
0.0145149855
0.0117633715
0.009111048
0.006558012
0.004104266
0.0017498091
-0.0005053589
-0.0026612377
-0.004717828
-0.0066751284
-0.00853314
-0.010291862
-0.011951296
-0.013511441
-0.014972296
-0.016333861
-0.017596139
-0.018759128
-0.019822827
-0.020787237
-0.021652358
-0.02241819
-0.023084732
-0.023651985
-0.02411995
-0.024488626
-0.024758011
-0.02492811
-0.024998918
-0.024970436
-0.024842666
-0.024615608
-0.02428926
-0.023863623
-0.023338696
-0.02271448
-0.021990977
-0.021168184
-0.020246102
-0.01922473
-0.018104069
-0.016884118
-0.015564879
-0.014146352
-0.012628535
-0.011011428
-0.009295033
-0.007479349
-0.005564376
-0.0035501134
-0.0014365619
0.0007762786
0.0030884081
0.0054998267
0.008010535
0.010620532
0.013329818
0.016138393
0.019017857
0.021797815
0.024449866
0.026974011
0.02937025
0.031638585
0.03377901
0.03579153
0.037676144
0.03943285
0.04106165
0.042562548
0.043935537
0.04518062
0.046297792
0.047287066
0.048148427
0.048881885
0.049487434
0.04996508
0.050314818
0.05053665
0.050630577
0.050596595
0.05043471
0.050144915
0.049727216
0.04918161
0.048508096
0.04770668
0.046777353
0.045720123
0.044534985
0.043221943
0.041780993
0.040212136
0.038515374
0.036690705
0.03473813
0.03265765
0.03044926
0.028112967
0.025648765
0.02305666
0.020336647
0.017488727
0.014512902
0.01140917
0.008177532
0.004817988
0.0013305373
-0.0022848197
-0.0060280827
-0.009899252
-0.013898328
-0.01802531
-0.0222802
-0.026662994
-0.031173695
-0.035812303
-0.040578816
-0.045473237
-0.05049556
-0.055645794
-0.014108728
-0.012644248
-0.0112252
-0.009851584
-0.008523399
-0.007240647
-0.0060033263
-0.0048114373
-0.0036649802
-0.002563955
-0.0015083617
-0.0004982
0.00046652975
0.0013858277
0.0022596938
0.003088128
0.0038711308
0.0046087014
0.0053008404
0.005947547
0.0065488224
0.007104666
0.0076150773
0.008080057
0.008499605
0.008873722
0.009202406
0.009485658
0.009723479
0.009915868
0.010062824
0.010164349
0.010220443
0.010231105
0.010196335
0.010116132
0.009990498
0.009819432
0.009602935
0.009341005
0.009033645
0.008680851
0.008282627
0.00783897
0.0073498813
0.0068153613
0.006235409
0.005610025
0.004939209
0.0042229616
0.0034612825
0.002654171
0.0018016282
0.0009036533
-3.9753384e-5
-0.0010285919
-0.0020628623
-0.0031425643
-0.004267698
-0.005438264
-0.0066542616
-0.0079156915
-0.009222552
-0.010574846
-0.011954225
-0.013250614
-0.014445668
-0.015539387
-0.016531771
-0.017422821
-0.018212534
-0.018900912
-0.019487955
-0.019973664
-0.020358035
-0.020641074
-0.020822776
-0.020903142
-0.020882174
-0.020759871
-0.020536233
-0.020211259
-0.01978495
-0.019257305
-0.018628325
-0.017898012
-0.017066361
-0.016133375
-0.015099056
-0.0139634
-0.012726409
-0.011388083
-0.009948422
-0.008407425
-0.0067650937
-0.005021427
-0.0031764247
-0.0012300874
0.00081758515
0.002966593
0.005216936
0.007568614
0.010021628
0.012575977
0.015231661
0.01798868
0.020847034
0.023806723
0.026867747
0.030030107
0.033293802
0.036658835
0.0401252
0.0436929
0.047361936
0.051132306
0.055004016
0.058977056
0.06305143
0.06722715
0.07150419
0.07588258
0.08036229
0.08494335
0.08962573
0.09440946
0.09929451
0.10428091
