0.607087
0.38360402
0.20120113
0.059878316
-0.040364414
-0.09952707
-0.117609635
-0.09461212
-0.03774082
0.009766496
0.040703535
0.0550703
0.052866783
0.034092993
-0.0012510769
-0.053165425
-0.3079993
-0.040130574
0.16376026
0.3036732
0.37960827
0.39156544
0.3395447
0.22354609
0.05770392
-0.073175654
-0.1549583
-0.18764399
-0.17123275
-0.10572455
0.008880576
0.17258264
0.17258264
0.008880576
-0.10572455
-0.17123275
-0.18764399
-0.1549583
-0.073175654
0.05770392
0.22354609
0.3395447
0.39156544
0.37960827
0.3036732
0.16376026
-0.040130574
-0.3079993
-0.053165425
-0.0012510769
0.034092993
0.052866783
0.0550703
0.040703535
0.009766496
-0.03774082
-0.09461212
-0.117609635
-0.09952707
-0.040364414
0.059878316
0.20120113
0.38360402
0.607087
