0.36277783
0.29432338
0.23172688
0.1749883
0.12410764
0.0790849
0.039920095
0.0066132117
-0.02083575
-0.042426787
-0.0581599
-0.06803509
-0.07205235
-0.070211686
-0.062513106
-0.048956595
-0.03058886
-0.013690106
0.0006929719
0.01256037
0.02191209
0.028748132
0.033068497
0.034873184
0.03416219
0.030935518
0.025193168
0.016935142
0.0061614346
-0.00712795
-0.022933012
-0.041253753
-0.19044349
-0.11513805
-0.047898144
0.011276237
0.062385093
0.10542843
0.14040624
0.16731852
0.18616527
0.19694652
0.19966222
0.19431241
0.18089707
0.15941621
0.12986983
0.09225792
0.048367083
0.008916939
-0.024305917
-0.051301487
-0.072069764
-0.08661076
-0.09492446
-0.097010866
-0.09286999
-0.08250182
-0.06590637
-0.043083623
-0.0140335895
0.021243732
0.06274834
0.11048024
0.11048024
0.06274834
0.021243732
-0.0140335895
-0.043083623
-0.06590637
-0.08250182
-0.09286999
-0.097010866
-0.09492446
-0.08661076
-0.072069764
-0.051301487
-0.024305917
0.008916939
0.048367083
0.09225792
0.12986983
0.15941621
0.18089707
0.19431241
0.19966222
0.19694652
0.18616527
0.16731852
0.14040624
0.10542843
0.062385093
0.011276237
-0.047898144
-0.11513805
-0.19044349
-0.041253753
-0.022933012
-0.00712795
0.0061614346
0.016935142
0.025193168
0.030935518
0.03416219
0.034873184
0.033068497
0.028748132
0.02191209
0.01256037
0.0006929719
-0.013690106
-0.03058886
-0.048956595
-0.062513106
-0.070211686
-0.07205235
-0.06803509
-0.0581599
-0.042426787
-0.02083575
0.0066132117
0.039920095
0.0790849
0.12410764
0.1749883
0.23172688
0.29432338
0.36277783
