0.19896503
0.18001439
0.16184714
0.14446327
0.12786278
0.11204569
0.09701197
0.08276164
0.06929469
0.05661113
0.044710945
0.03359415
0.023260737
0.013710709
0.004944065
-0.0030391952
-0.010239071
-0.016655564
-0.022288673
-0.027138397
-0.031204738
-0.034487695
-0.036987267
-0.038703457
-0.03963626
-0.03978568
-0.039151717
-0.03773437
-0.03553364
-0.032549523
-0.028782025
-0.024231141
-0.019038089
-0.014050143
-0.009408518
-0.005113214
-0.0011642308
0.0024384311
0.005694772
0.008604792
0.01116849
0.013385869
0.0152569255
0.016781662
0.017960075
0.01879217
0.019277941
0.019417394
0.019210525
0.018657334
0.017757822
0.01651199
0.014919836
0.012981362
0.010696566
0.008065449
0.0050880117
0.001764253
-0.0019058266
-0.005922227
-0.010284949
-0.014993992
-0.020049356
-0.02545104
-0.105676636
-0.08569009
-0.06672093
-0.048769172
-0.031834796
-0.015917813
-0.0010182196
0.012863983
0.025728796
0.037576217
0.048406247
0.05821889
0.067014135
0.074792
0.08155247
0.08729554
0.092021234
0.09572953
0.09842043
0.10009395
0.100750074
0.10038881
0.099010155
0.09661411
0.09320067
0.088769846
0.08332162
0.07685602
0.06937302
0.060872626
0.051354848
0.040819675
0.029492823
0.018728547
0.008752556
-0.00043515055
-0.0088345725
-0.01644571
-0.02326856
-0.029303126
-0.034549408
-0.039007407
-0.042677116
-0.045558542
-0.047651686
-0.04895654
-0.049473114
-0.0492014
-0.0481414
-0.046293117
-0.04365655
-0.040231697
-0.036018558
-0.031017134
-0.025227426
-0.018649433
-0.011283155
-0.0031285912
0.005814257
0.015545391
0.02606481
0.03737251
0.0494685
0.062352773
0.062352773
0.0494685
0.03737251
0.02606481
0.015545391
0.005814257
-0.0031285912
-0.011283155
-0.018649433
-0.025227426
-0.031017134
-0.036018558
-0.040231697
-0.04365655
-0.046293117
-0.0481414
-0.0492014
-0.049473114
-0.04895654
-0.047651686
-0.045558542
-0.042677116
-0.039007407
-0.034549408
-0.029303126
-0.02326856
-0.01644571
-0.0088345725
-0.00043515055
0.008752556
0.018728547
0.029492823
0.040819675
0.051354848
0.060872626
0.06937302
0.07685602
0.08332162
0.088769846
0.09320067
0.09661411
0.099010155
0.10038881
0.100750074
0.10009395
0.09842043
0.09572953
0.092021234
0.08729554
0.08155247
0.074792
0.067014135
0.05821889
0.048406247
0.037576217
0.025728796
0.012863983
-0.0010182196
-0.015917813
-0.031834796
-0.048769172
-0.06672093
-0.08569009
-0.105676636
-0.02545104
-0.020049356
-0.014993992
-0.010284949
-0.005922227
-0.0019058266
0.001764253
0.0050880117
0.008065449
0.010696566
0.012981362
0.014919836
0.01651199
0.017757822
0.018657334
0.019210525
0.019417394
0.019277941
0.01879217
0.017960075
0.016781662
0.0152569255
0.013385869
0.01116849
0.008604792
0.005694772
0.0024384311
-0.0011642308
-0.005113214
-0.009408518
-0.014050143
-0.019038089
-0.024231141
-0.028782025
-0.032549523
-0.03553364
-0.03773437
-0.039151717
-0.03978568
-0.03963626
-0.038703457
-0.036987267
-0.034487695
-0.031204738
-0.027138397
-0.022288673
-0.016655564
-0.010239071
-0.0030391952
0.004944065
0.013710709
0.023260737
0.03359415
0.044710945
0.05661113
0.06929469
0.08276164
0.09701197
0.11204569
0.12786278
0.14446327
0.16184714
0.18001439
0.19896503
