0.9077988
0.23368885
-0.1049451
-0.10810299
0.01673997
0.06210859
0.028002867
-0.022714475
-0.027180715
0.014604148
-0.3549732
0.58816725
0.84208965
0.40679392
-0.1748943
-0.3601495
-0.14897166
0.1313146
0.15338467
-0.082761474
0.13876721
-0.25438046
-0.23138298
0.2077597
0.63923657
0.63923657
0.2077597
-0.23138298
-0.25438046
0.13876721
-0.082761474
0.15338467
0.1313146
-0.14897166
-0.3601495
-0.1748943
0.40679392
0.84208965
0.58816725
-0.3549732
0.014604148
-0.027180715
-0.022714475
0.028002867
0.06210859
0.01673997
-0.10810299
-0.1049451
0.23368885
0.9077988
