0.92771316
0.20168196
-0.12618996
-0.071010426
0.034847178
0.055411924
0.005751479
-0.02372822
-0.017959513
0.0069815195
0.011797799
-0.0052969074
-0.34431428
0.6896137
0.87455076
0.2515101
-0.27721354
-0.34249976
-0.029547675
0.15044773
0.112287275
-0.04403223
-0.0740742
0.033272114
0.12271062
-0.2699273
-0.18017206
0.36189482
0.6944812
0.5468539
0.022725381
-0.25562957
-0.1844985
0.073887825
0.12296532
-0.055291664
-0.055291664
0.12296532
0.073887825
-0.1844985
-0.25562957
0.022725381
0.5468539
0.6944812
0.36189482
-0.18017206
-0.2699273
0.12271062
0.033272114
-0.0740742
-0.04403223
0.112287275
0.15044773
-0.029547675
-0.34249976
-0.27721354
0.2515101
0.87455076
0.6896137
-0.34431428
-0.0052969074
0.011797799
0.0069815195
-0.017959513
-0.02372822
0.005751479
0.055411924
0.034847178
-0.071010426
-0.12618996
0.20168196
0.92771316
