0.9386885
0.18068641
-0.13358793
-0.046958946
0.044447586
0.044276733
-0.0067851744
-0.024822583
-0.008329663
0.008470528
0.0089849895
-0.002035428
-0.0050594537
0.0020244017
-0.33513725
0.76145023
0.8783757
0.13672426
-0.34346727
-0.28975752
0.050867982
0.16900164
0.056174945
-0.057664797
-0.06102799
0.0138399955
0.03437484
-0.013754732
0.116810806
-0.28874642
-0.14013948
0.47406182
0.7345871
0.44215432
-0.10349178
-0.28412768
-0.09237789
0.0969245
0.102042265
-0.023198824
-0.05751501
0.023016272
-0.05030425
0.1255746
0.05162707
-0.22121611
-0.22184557
0.16433287
0.6518314
0.6518314
0.16433287
-0.22184557
-0.22121611
0.05162707
0.1255746
-0.05030425
0.023016272
-0.05751501
-0.023198824
0.102042265
0.0969245
-0.09237789
-0.28412768
-0.10349178
0.44215432
0.7345871
0.47406182
-0.14013948
-0.28874642
0.116810806
-0.013754732
0.03437484
0.0138399955
-0.06102799
-0.057664797
0.056174945
0.16900164
0.050867982
-0.28975752
-0.34346727
0.13672426
0.8783757
0.76145023
-0.33513725
0.0020244017
-0.0050594537
-0.002035428
0.0089849895
0.008470528
-0.008329663
-0.024822583
-0.0067851744
0.044276733
0.044447586
-0.046958946
-0.13358793
0.18068641
0.9386885
