0.27068886
0.23459795
0.20063815
0.16880941
0.13911179
0.11154524
0.086109795
0.06280543
0.041632157
0.022589974
0.005678883
-0.009101119
-0.021750031
-0.03226785
-0.04065458
-0.046910223
-0.051034775
-0.053028233
-0.052890606
-0.050621886
-0.046222076
-0.039691173
-0.03195014
-0.024693524
-0.017958172
-0.011744079
-0.006051247
-0.00087967527
0.0037706364
0.007899688
0.011507479
0.014594009
0.01715928
0.019203288
0.020726038
0.021727527
0.022207756
0.022166725
0.021604432
0.02052088
0.018916067
0.016789993
0.01414266
0.011136147
0.008297215
0.0056663854
0.003243657
0.0010290305
-0.0009774944
-0.0027759175
-0.004366239
-0.0057484587
-0.0069225766
-0.007888593
-0.008646508
-0.009196321
-0.009538031
-0.009671641
-0.009597149
-0.009314555
-0.008823859
-0.008125061
-0.0072181616
-0.006103161
-0.0048173987
-0.0035849172
-0.002443057
-0.001391818
-0.00043120043
0.00043879592
0.001218171
0.0019069248
0.0025050573
0.0030125687
0.0034294587
0.0037557273
0.0039913747
0.004136401
0.004190806
0.00415459
0.004027752
0.0038102933
0.0035022132
0.0031035119
0.0026141892
0.0020416807
0.0014826502
0.0009668395
0.000494249
6.487857e-5
-0.00032127177
-0.000664202
-0.0009639121
-0.0012204022
-0.0014336722
-0.001603722
-0.0017305517
-0.0018141613
-0.0018545509
-0.0018517204
-0.0018056697
-0.001716399
-0.0015839081
-0.0014081972
-0.0011892662
-0.00092711503
-0.00062279025
-0.00032442584
-5.818173e-5
0.0001759421
0.00037794563
0.00054782885
0.00068559183
0.0007912345
0.0008647569
0.000906159
0.0009154408
0.0008926023
0.0008376436
0.0007505645
0.00063136517
0.00048004554
0.00029660563
8.104544e-5
-0.00016663504
-0.00044643582
-0.0007583569
-0.0011023983
-0.12255022
-0.088377535
-0.056687206
-0.027479244
-0.0007536432
0.023489594
0.045250468
0.06452898
0.08132513
0.095638916
0.10747034
0.1168194
0.1236861
0.12807043
0.1299724
0.12939201
0.12632926
0.12078413
0.112756655
0.10224681
0.0892546
0.07378004
0.05708854
0.041508522
0.027090598
0.013834768
0.0017410344
-0.009190605
-0.018960148
-0.027567599
-0.035012953
-0.041296214
-0.046417378
-0.05037645
-0.053173423
-0.054808304
-0.055281088
-0.05459178
-0.052740376
-0.049726877
-0.045551285
-0.040213596
-0.03371381
-0.026422666
-0.019545043
-0.013173626
-0.0073084123
-0.0019494044
0.0029033986
0.0072499965
0.011090389
0.014424577
0.01725256
0.019574339
0.021389911
0.02269928
0.023502443
0.0237994
0.023590153
0.022874702
0.021653043
0.019925183
0.017691115
0.014950843
0.011795446
0.008771411
0.0059698173
0.003390666
0.0010339569
-0.0011003105
-0.0030121359
-0.0047015194
-0.0061684605
-0.00741296
-0.008435017
-0.009234633
-0.0098118065
-0.010166538
-0.010298828
-0.010208675
-0.00989608
-0.009361044
-0.008603565
-0.007623645
-0.006421283
-0.0050147353
-0.003641345
-0.0023741396
-0.0012131196
-0.00015828457
0.00079036533
0.00163283
0.0023691095
0.0029992042
0.0035231134
0.0039408375
0.0042523765
0.004457731
0.0045568994
0.004549883
0.0044366815
0.004217295
0.0038917232
0.0034599663
0.0029220243
0.0022778972
0.0015301558
0.0007970626
0.00014289079
-0.00043235972
-0.0009286889
-0.0013460967
-0.0016845834
-0.0019441486
-0.0021247927
-0.0022265152
-0.0022493165
-0.0021931964
-0.0020581551
-0.0018441925
-0.0015513086
-0.0011795033
-0.00072877674
-0.00019912883
0.00040944037
0.0010969309
0.0018633427
0.0027086758
0.04575922
0.03165406
0.018835261
0.0073028235
-0.0029432534
-0.011902969
-0.019576324
-0.02596332
-0.031063953
-0.034878228
-0.03740614
-0.03864769
-0.03860288
-0.03727171
-0.034654178
-0.030750286
-0.025560033
-0.01908342
-0.011320445
-0.0022711097
0.008064587
0.019686643
0.031769395
0.042793613
0.052726272
0.061567374
0.069316916
0.0759749
0.081541315
0.08601618
0.08939949
0.091691226
0.09289142
0.09300004
0.09201711
0.08994261
0.08677656
0.08251895
0.07716978
0.070729055
0.06319676
0.054572918
0.04485751
0.03445549
0.024682935
0.01564108
0.0073299287
-0.00025052237
-0.007100272
-0.01321932
-0.018607667
-0.023265313
-0.027192257
-0.0303885
-0.032854043
-0.034588885
-0.03559302
-0.03586646
-0.035409197
-0.034221232
-0.032302566
-0.029653197
-0.02627313
-0.02216236
-0.01745375
-0.012944479
-0.0087674055
-0.0049225315
-0.001409857
0.0017706184
0.0046188943
0.007134971
0.009318849
0.011170527
0.012690007
0.013877287
0.014732367
0.015255248
0.015445931
0.015304414
0.014830697
0.014024782
0.012886668
0.011416353
0.00961384
0.0075064222
0.00544893
0.0035505407
0.0018112552
0.00023107328
-0.0011900051
-0.00245198
-0.0035548513
-0.004498619
-0.0052832835
-0.005908844
-0.006375301
-0.006682655
-0.0068309046
-0.0068200515
-0.0066500944
-0.0063210335
-0.0058328696
-0.0051856018
-0.0043792306
-0.0034137557
-0.00229303
-0.0011942766
-0.00021381257
0.0006483622
0.0013922477
0.002017844
0.002525151
0.0029141686
0.0031848971
0.0033373365
0.0033714862
0.0032873468
0.0030849183
0.0027642003
0.0023251933
0.0017678967
0.001092311
0.00029843597
-0.0006137283
-0.0016441819
-0.0027929246
-0.004059957
-0.019470459
-0.013401614
-0.007898048
-0.0029597615
0.0014132446
0.005220971
0.008463417
0.011140584
0.013252471
0.014799077
0.015780404
0.016196452
0.016047219
0.015332706
0.0140529135
0.0122078415
0.009797489
0.0068218578
0.0032809458
-0.00082524586
-0.0054967175
-0.010733468
-0.016084703
-0.020720951
-0.024624184
-0.0277944
-0.0302316
-0.03193578
-0.03290695
-0.0331451
-0.032650232
-0.031422347
-0.029461449
-0.026767531
-0.0233406
-0.01918065
-0.014287683
-0.0086616995
-0.0023027004
0.0047893156
0.012614348
0.021172397
0.030463463
0.04011948
0.048944235
0.056845706
0.0638239
0.06987882
0.07501045
0.079218805
0.082503885
0.08486568
0.086304195
0.08681943
0.086411394
0.08508007
0.082825474
0.07964759
0.07554643
0.070521995
0.06457427
0.057703275
0.049909
0.04119144
0.031749997
0.02278103
0.0144839315
0.0068587027
-9.465728e-5
-0.0063761477
-0.0119857695
-0.01692352
-0.021189405
-0.024783418
-0.027705563
-0.029955838
-0.031534243
-0.03244078
-0.03267545
-0.032238245
-0.031129176
-0.029348236
-0.026895426
-0.023770748
-0.019974198
-0.015561624
-0.011258975
-0.0072896197
-0.0036535594
-0.00035079397
0.0026186765
0.0052548526
0.0075577335
0.00952732
0.011163611
0.012466608
0.01343631
0.014072717
0.014375829
0.014345647
0.01398217
0.0132853985
0.0122553315
0.01089197
0.009195314
0.0071653626
0.0048101987
0.0025015876
0.0004415756
-0.0013698371
-0.0029326503
-0.0042468645
-0.005312479
-0.006129495
-0.006697911
-0.0070177275
-0.0070889452
-0.0069115637
-0.006485583
-0.005811002
-0.0048878225
-0.003716044
-0.0022956657
-0.0006266882
0.0012908885
0.0034570645
0.00587184
0.008535215
0.008535215
0.00587184
0.0034570645
0.0012908885
-0.0006266882
-0.0022956657
-0.003716044
-0.0048878225
-0.005811002
-0.006485583
-0.0069115637
-0.0070889452
-0.0070177275
-0.006697911
-0.006129495
-0.005312479
-0.0042468645
-0.0029326503
-0.0013698371
0.0004415756
0.0025015876
0.0048101987
0.0071653626
0.009195314
0.01089197
0.0122553315
0.0132853985
0.01398217
0.014345647
0.014375829
0.014072717
0.01343631
0.012466608
0.011163611
0.00952732
0.0075577335
0.0052548526
0.0026186765
-0.00035079397
-0.0036535594
-0.0072896197
-0.011258975
-0.015561624
-0.019974198
-0.023770748
-0.026895426
-0.029348236
-0.031129176
-0.032238245
-0.03267545
-0.03244078
-0.031534243
-0.029955838
-0.027705563
-0.024783418
-0.021189405
-0.01692352
-0.0119857695
-0.0063761477
-9.465728e-5
0.0068587027
0.0144839315
0.02278103
0.031749997
0.04119144
0.049909
0.057703275
0.06457427
0.070521995
0.07554643
0.07964759
0.082825474
0.08508007
0.086411394
0.08681943
0.086304195
0.08486568
0.082503885
0.079218805
0.07501045
0.06987882
0.0638239
0.056845706
0.048944235
0.04011948
0.030463463
0.021172397
0.012614348
0.0047893156
-0.0023027004
-0.0086616995
-0.014287683
-0.01918065
-0.0233406
-0.026767531
-0.029461449
-0.031422347
-0.032650232
-0.0331451
-0.03290695
-0.03193578
-0.0302316
-0.0277944
-0.024624184
-0.020720951
-0.016084703
-0.010733468
-0.0054967175
-0.00082524586
0.0032809458
0.0068218578
0.009797489
0.0122078415
0.0140529135
0.015332706
0.016047219
0.016196452
0.015780404
0.014799077
0.013252471
0.011140584
0.008463417
0.005220971
0.0014132446
-0.0029597615
-0.007898048
-0.013401614
-0.019470459
-0.004059957
-0.0027929246
-0.0016441819
-0.0006137283
0.00029843597
0.001092311
0.0017678967
0.0023251933
0.0027642003
0.0030849183
0.0032873468
0.0033714862
0.0033373365
0.0031848971
0.0029141686
0.002525151
0.002017844
0.0013922477
0.0006483622
-0.00021381257
-0.0011942766
-0.00229303
-0.0034137557
-0.0043792306
-0.0051856018
-0.0058328696
-0.0063210335
-0.0066500944
-0.0068200515
-0.0068309046
-0.006682655
-0.006375301
-0.005908844
-0.0052832835
-0.004498619
-0.0035548513
-0.00245198
-0.0011900051
0.00023107328
0.0018112552
0.0035505407
0.00544893
0.0075064222
0.00961384
0.011416353
0.012886668
0.014024782
0.014830697
0.015304414
0.015445931
0.015255248
0.014732367
0.013877287
0.012690007
0.011170527
0.009318849
0.007134971
0.0046188943
0.0017706184
-0.001409857
-0.0049225315
-0.0087674055
-0.012944479
-0.01745375
-0.02216236
-0.02627313
-0.029653197
-0.032302566
-0.034221232
-0.035409197
-0.03586646
-0.03559302
-0.034588885
-0.032854043
-0.0303885
-0.027192257
-0.023265313
-0.018607667
-0.01321932
-0.007100272
-0.00025052237
0.0073299287
0.01564108
0.024682935
0.03445549
0.04485751
0.054572918
0.06319676
0.070729055
0.07716978
0.08251895
0.08677656
0.08994261
0.09201711
0.09300004
0.09289142
0.091691226
0.08939949
0.08601618
0.081541315
0.0759749
0.069316916
0.061567374
0.052726272
0.042793613
0.031769395
0.019686643
0.008064587
-0.0022711097
-0.011320445
-0.01908342
-0.025560033
-0.030750286
-0.034654178
-0.03727171
-0.03860288
-0.03864769
-0.03740614
-0.034878228
-0.031063953
-0.02596332
-0.019576324
-0.011902969
-0.0029432534
0.0073028235
0.018835261
0.03165406
0.04575922
0.0027086758
0.0018633427
0.0010969309
0.00040944037
-0.00019912883
-0.00072877674
-0.0011795033
-0.0015513086
-0.0018441925
-0.0020581551
-0.0021931964
-0.0022493165
-0.0022265152
-0.0021247927
-0.0019441486
-0.0016845834
-0.0013460967
-0.0009286889
-0.00043235972
0.00014289079
0.0007970626
0.0015301558
0.0022778972
0.0029220243
0.0034599663
0.0038917232
0.004217295
0.0044366815
0.004549883
0.0045568994
0.004457731
0.0042523765
0.0039408375
0.0035231134
0.0029992042
0.0023691095
0.00163283
0.00079036533
-0.00015828457
-0.0012131196
-0.0023741396
-0.003641345
-0.0050147353
-0.006421283
-0.007623645
-0.008603565
-0.009361044
-0.00989608
-0.010208675
-0.010298828
-0.010166538
-0.0098118065
-0.009234633
-0.008435017
-0.00741296
-0.0061684605
-0.0047015194
-0.0030121359
-0.0011003105
0.0010339569
0.003390666
0.0059698173
0.008771411
0.011795446
0.014950843
0.017691115
0.019925183
0.021653043
0.022874702
0.023590153
0.0237994
0.023502443
0.02269928
0.021389911
0.019574339
0.01725256
0.014424577
0.011090389
0.0072499965
0.0029033986
-0.0019494044
-0.0073084123
-0.013173626
-0.019545043
-0.026422666
-0.03371381
-0.040213596
-0.045551285
-0.049726877
-0.052740376
-0.05459178
-0.055281088
-0.054808304
-0.053173423
-0.05037645
-0.046417378
-0.041296214
-0.035012953
-0.027567599
-0.018960148
-0.009190605
0.0017410344
0.013834768
0.027090598
0.041508522
0.05708854
0.07378004
0.0892546
0.10224681
0.112756655
0.12078413
0.12632926
0.12939201
0.1299724
0.12807043
0.1236861
0.1168194
0.10747034
0.095638916
0.08132513
0.06452898
0.045250468
0.023489594
-0.0007536432
-0.027479244
-0.056687206
-0.088377535
-0.12255022
-0.0011023983
-0.0007583569
-0.00044643582
-0.00016663504
8.104544e-5
0.00029660563
0.00048004554
0.00063136517
0.0007505645
0.0008376436
0.0008926023
0.0009154408
0.000906159
0.0008647569
0.0007912345
0.00068559183
0.00054782885
0.00037794563
0.0001759421
-5.818173e-5
-0.00032442584
-0.00062279025
-0.00092711503
-0.0011892662
-0.0014081972
-0.0015839081
-0.001716399
-0.0018056697
-0.0018517204
-0.0018545509
-0.0018141613
-0.0017305517
-0.001603722
-0.0014336722
-0.0012204022
-0.0009639121
-0.000664202
-0.00032127177
6.487857e-5
0.000494249
0.0009668395
0.0014826502
0.0020416807
0.0026141892
0.0031035119
0.0035022132
0.0038102933
0.004027752
0.00415459
0.004190806
0.004136401
0.0039913747
0.0037557273
0.0034294587
0.0030125687
0.0025050573
0.0019069248
0.001218171
0.00043879592
-0.00043120043
-0.001391818
-0.002443057
-0.0035849172
-0.0048173987
-0.006103161
-0.0072181616
-0.008125061
-0.008823859
-0.009314555
-0.009597149
-0.009671641
-0.009538031
-0.009196321
-0.008646508
-0.007888593
-0.0069225766
-0.0057484587
-0.004366239
-0.0027759175
-0.0009774944
0.0010290305
0.003243657
0.0056663854
0.008297215
0.011136147
0.01414266
0.016789993
0.018916067
0.02052088
0.021604432
0.022166725
0.022207756
0.021727527
0.020726038
0.019203288
0.01715928
0.014594009
0.011507479
0.007899688
0.0037706364
-0.00087967527
-0.006051247
-0.011744079
-0.017958172
-0.024693524
-0.03195014
-0.039691173
-0.046222076
-0.050621886
-0.052890606
-0.053028233
-0.051034775
-0.046910223
-0.04065458
-0.03226785
-0.021750031
-0.009101119
0.005678883
0.022589974
0.041632157
0.06280543
0.086109795
0.11154524
0.13911179
0.16880941
0.20063815
0.23459795
0.27068886
