0.94580543
0.16563457
-0.13584661
-0.03059018
0.0496917
0.033046987
-0.013489152
-0.022881543
-0.001776282
0.009950087
0.005651473
-0.0029560952
-0.0041565876
0.00055051554
0.0021683315
-0.00080261996
-0.32858917
0.8158729
0.8718732
0.050009288
-0.3861334
-0.2259573
0.10083833
0.16455422
0.012474669
-0.07169461
-0.040669326
0.02129122
0.029927718
-0.0039643883
-0.015612426
0.0057790494
0.114432
-0.3060614
-0.10624758
0.55868995
0.7576505
0.33545074
-0.18393126
-0.27651727
-0.019829677
0.12099704
0.06844049
-0.035899773
-0.050424177
0.0066818716
0.02630593
-0.00973741
-0.048338026
0.13045514
0.034354452
-0.24886568
-0.19255885
0.29104933
0.7120912
0.5806992
0.01615763
-0.26582712
-0.14597063
0.07813518
0.10889842
-0.014484579
-0.056836035
0.021040356
0.021040356
-0.056836035
-0.014484579
0.10889842
0.07813518
-0.14597063
-0.26582712
0.01615763
0.5806992
0.7120912
0.29104933
-0.19255885
-0.24886568
0.034354452
0.13045514
-0.048338026
-0.00973741
0.02630593
0.0066818716
-0.050424177
-0.035899773
0.06844049
0.12099704
-0.019829677
-0.27651727
-0.18393126
0.33545074
0.7576505
0.55868995
-0.10624758
-0.3060614
0.114432
0.0057790494
-0.015612426
-0.0039643883
0.029927718
0.02129122
-0.040669326
-0.07169461
0.012474669
0.16455422
0.10083833
-0.2259573
-0.3861334
0.050009288
0.8718732
0.8158729
-0.32858917
-0.00080261996
0.0021683315
0.00055051554
-0.0041565876
-0.0029560952
0.005651473
0.009950087
-0.001776282
-0.022881543
-0.013489152
0.033046987
0.0496917
-0.03059018
-0.13584661
0.16563457
0.94580543
