0.7316185
0.37430805
0.11135531
-0.05723969
-0.13147695
-0.11135646
-0.037364278
0.016005278
0.047132757
0.056018166
0.0426615
0.013964672
-0.007641122
-0.020430403
-0.024403172
-0.019559428
-0.0074792383
0.0023569893
0.008369188
0.010557357
0.0089214975
0.003773647
-0.0008296951
-0.0036403749
-0.0046583926
-0.0038837478
-0.0013581929
0.000997695
0.0021401234
0.0020690921
0.00078460155
-0.0017133486
-0.3133123
0.09945237
0.36750975
0.4908598
0.4695026
0.30343807
0.06832001
-0.096648574
-0.18844156
-0.20705894
-0.1525007
-0.048156828
0.029955346
0.07598833
0.08994212
0.07181671
0.027379574
-0.008764557
-0.03084822
-0.03887142
-0.03283415
-0.013884122
0.00305844
0.013402699
0.017148653
0.014296304
0.004999336
-0.003672842
-0.007878157
-0.0076166093
-0.0028881987
0.0063070743
0.11565355
-0.05106196
-0.1391983
-0.14875548
-0.079733476
0.067867704
0.24159029
0.344912
0.37573454
0.3340579
0.21988206
0.060248695
-0.056956764
-0.12497391
-0.14380275
-0.11344328
-0.042832818
0.014404724
0.049332026
0.06194909
0.05225591
0.022075549
-0.0048922463
-0.021355243
-0.027313447
-0.02276685
-0.007960161
0.0058503537
0.012547157
0.012130248
0.0045996266
-0.010044707
-0.04912036
0.022411538
0.05929894
0.06154184
0.029140243
-0.037905853
-0.11045219
-0.13487333
-0.11000349
-0.03584268
0.0876091
0.235402
0.326449
0.35451266
0.31959295
0.22168992
0.0744053
-0.040650204
-0.1098748
-0.13326849
-0.11083128
-0.046351448
0.010923449
0.045840304
0.058399115
0.048599888
0.01696413
-0.012518656
-0.026810698
-0.025911998
-0.009822554
0.021457633
0.021457633
-0.009822554
-0.025911998
-0.026810698
-0.012518656
0.01696413
0.048599888
0.058399115
0.045840304
0.010923449
-0.046351448
-0.11083128
-0.13326849
-0.1098748
-0.040650204
0.0744053
0.22168992
0.31959295
0.35451266
0.326449
0.235402
0.0876091
-0.03584268
-0.11000349
-0.13487333
-0.11045219
-0.037905853
0.029140243
0.06154184
0.05929894
0.022411538
-0.04912036
-0.010044707
0.0045996266
0.012130248
0.012547157
0.0058503537
-0.007960161
-0.02276685
-0.027313447
-0.021355243
-0.0048922463
0.022075549
0.05225591
0.06194909
0.049332026
0.014404724
-0.042832818
-0.11344328
-0.14380275
-0.12497391
-0.056956764
0.060248695
0.21988206
0.3340579
0.37573454
0.344912
0.24159029
0.067867704
-0.079733476
-0.14875548
-0.1391983
-0.05106196
0.11565355
0.0063070743
-0.0028881987
-0.0076166093
-0.007878157
-0.003672842
0.004999336
0.014296304
0.017148653
0.013402699
0.00305844
-0.013884122
-0.03283415
-0.03887142
-0.03084822
-0.008764557
0.027379574
0.07181671
0.08994212
0.07598833
0.029955346
-0.048156828
-0.1525007
-0.20705894
-0.18844156
-0.096648574
0.06832001
0.30343807
0.4695026
0.4908598
0.36750975
0.09945237
-0.3133123
-0.0017133486
0.00078460155
0.0020690921
0.0021401234
0.000997695
-0.0013581929
-0.0038837478
-0.0046583926
-0.0036403749
-0.0008296951
0.003773647
0.0089214975
0.010557357
0.008369188
0.0023569893
-0.0074792383
-0.019559428
-0.024403172
-0.020430403
-0.007641122
0.013964672
0.0426615
0.056018166
0.047132757
0.016005278
-0.037364278
-0.11135646
-0.13147695
-0.05723969
0.11135531
0.37430805
0.7316185
