0.47187254
0.34923872
0.2416316
0.14905116
0.07149742
0.008970366
-0.03853
-0.071003675
-0.088450655
-0.090870954
-0.078264564
-0.052966032
-0.028982699
-0.008649116
0.008034718
0.021068802
0.030453138
0.036187723
0.03827256
0.036707647
0.031492982
0.02262857
0.01266668
0.0041595814
-0.0028927247
-0.008490238
-0.012632959
-0.015320887
-0.016554022
-0.016332366
-0.014655916
-0.0115246745
-0.0071995715
-0.003246201
7.450569e-5
0.0027625484
0.0048179273
0.0062406417
0.0070306924
0.0071880794
0.006712802
0.005604861
0.003864256
0.0019572477
0.00035009743
-0.0009571951
-0.0019646299
-0.0026722068
-0.003079926
-0.003187787
-0.0029957907
-0.0025039362
-0.0017122241
-0.0006850667
0.00019106007
0.0008517436
0.0012969839
0.001526781
0.0015411349
0.0013400456
0.0009235131
0.00029153732
-0.00055588165
-0.0016187439
-0.21140005
-0.08712301
0.017990388
0.103940144
0.17072625
0.21834873
0.24680758
0.25610277
0.24623433
0.21720225
0.16900651
0.105195284
0.0470573
-0.0018592982
-0.041554518
-0.072028354
-0.093280815
-0.105311885
-0.10812158
-0.101709895
-0.08607683
-0.061222382
-0.033770174
-0.010343824
0.009056666
0.024431298
0.03578007
0.04310298
0.046400033
0.04567123
0.040916562
0.032136038
0.020053811
0.009014836
-0.0002567303
-0.0077608875
-0.013497635
-0.017466974
-0.019668903
-0.020103425
-0.018770535
-0.015670238
-0.010802531
-0.005470355
-0.0009766497
0.0026785848
0.0054953485
0.0074736415
0.0086134635
0.008914814
0.008377695
0.007002105
0.004788044
0.0019156314
-0.00053441845
-0.0023819862
-0.0036270723
-0.0042696763
-0.004309798
-0.0037474383
-0.0025825964
-0.00081527245
0.0015545334
0.004526821
0.078747325
0.027668277
-0.01331681
-0.04420793
-0.06500508
-0.07570827
-0.07631749
-0.066832736
-0.047254026
-0.017581346
0.022185303
0.0696806
0.110712685
0.14291623
0.16629124
0.1808377
0.18655564
0.18344505
0.17150591
0.15073824
0.12114204
0.0827173
0.042847715
0.008916973
-0.019074928
-0.041127987
-0.057242204
-0.06741758
-0.07165411
-0.0699518
-0.062310647
-0.048730653
-0.030291373
-0.013470161
0.0006534276
0.012079391
0.02080773
0.026838444
0.030171534
0.030807
0.02874484
0.023985056
0.016527647
0.008363434
0.0014832363
-0.004112946
-0.008425113
-0.011453263
-0.013197399
-0.013657519
-0.012833623
-0.010725712
-0.0073337858
-0.0029337103
0.00081931584
0.0036494262
0.0055566207
0.006540899
0.0066022617
0.005740708
0.003956239
0.0012488541
-0.0023814468
-0.0069346637
-0.03349019
-0.011527674
0.005994235
0.019075539
0.02771624
0.031916335
0.031675827
0.026994713
0.017872995
0.0043106726
-0.013692254
-0.034836322
-0.051324762
-0.06185811
-0.066436365
-0.06505953
-0.057727598
-0.04444058
-0.025198465
-1.2590091e-6
0.031151038
0.06825843
0.10457313
0.13334736
0.15458113
0.16827442
0.17442724
0.1730396
0.1641115
0.14764291
0.12363386
0.09208434
0.05462279
0.021019842
-0.007096073
-0.029724952
-0.046866797
-0.058521606
-0.064689375
-0.06537011
-0.060563814
-0.05027048
-0.03449011
-0.017318867
-0.0028529179
0.008907737
0.0179631
0.024313169
0.027957944
0.028897427
0.027131617
0.022660512
0.015484116
0.0061844415
-0.001746419
-0.0077264495
-0.011755651
-0.013834022
-0.013961563
-0.012138275
-0.008364157
-0.0026392092
0.0050365683
0.014663176
0.014663176
0.0050365683
-0.0026392092
-0.008364157
-0.012138275
-0.013961563
-0.013834022
-0.011755651
-0.0077264495
-0.001746419
0.0061844415
0.015484116
0.022660512
0.027131617
0.028897427
0.027957944
0.024313169
0.0179631
0.008907737
-0.0028529179
-0.017318867
-0.03449011
-0.05027048
-0.060563814
-0.06537011
-0.064689375
-0.058521606
-0.046866797
-0.029724952
-0.007096073
0.021019842
0.05462279
0.09208434
0.12363386
0.14764291
0.1641115
0.1730396
0.17442724
0.16827442
0.15458113
0.13334736
0.10457313
0.06825843
0.031151038
-1.2590091e-6
-0.025198465
-0.04444058
-0.057727598
-0.06505953
-0.066436365
-0.06185811
-0.051324762
-0.034836322
-0.013692254
0.0043106726
0.017872995
0.026994713
0.031675827
0.031916335
0.02771624
0.019075539
0.005994235
-0.011527674
-0.03349019
-0.0069346637
-0.0023814468
0.0012488541
0.003956239
0.005740708
0.0066022617
0.006540899
0.0055566207
0.0036494262
0.00081931584
-0.0029337103
-0.0073337858
-0.010725712
-0.012833623
-0.013657519
-0.013197399
-0.011453263
-0.008425113
-0.004112946
0.0014832363
0.008363434
0.016527647
0.023985056
0.02874484
0.030807
0.030171534
0.026838444
0.02080773
0.012079391
0.0006534276
-0.013470161
-0.030291373
-0.048730653
-0.062310647
-0.0699518
-0.07165411
-0.06741758
-0.057242204
-0.041127987
-0.019074928
0.008916973
0.042847715
0.0827173
0.12114204
0.15073824
0.17150591
0.18344505
0.18655564
0.1808377
0.16629124
0.14291623
0.110712685
0.0696806
0.022185303
-0.017581346
-0.047254026
-0.066832736
-0.07631749
-0.07570827
-0.06500508
-0.04420793
-0.01331681
0.027668277
0.078747325
0.004526821
0.0015545334
-0.00081527245
-0.0025825964
-0.0037474383
-0.004309798
-0.0042696763
-0.0036270723
-0.0023819862
-0.00053441845
0.0019156314
0.004788044
0.007002105
0.008377695
0.008914814
0.0086134635
0.0074736415
0.0054953485
0.0026785848
-0.0009766497
-0.005470355
-0.010802531
-0.015670238
-0.018770535
-0.020103425
-0.019668903
-0.017466974
-0.013497635
-0.0077608875
-0.0002567303
0.009014836
0.020053811
0.032136038
0.040916562
0.04567123
0.046400033
0.04310298
0.03578007
0.024431298
0.009056666
-0.010343824
-0.033770174
-0.061222382
-0.08607683
-0.101709895
-0.10812158
-0.105311885
-0.093280815
-0.072028354
-0.041554518
-0.0018592982
0.0470573
0.105195284
0.16900651
0.21720225
0.24623433
0.25610277
0.24680758
0.21834873
0.17072625
0.103940144
0.017990388
-0.08712301
-0.21140005
-0.0016187439
-0.00055588165
0.00029153732
0.0009235131
0.0013400456
0.0015411349
0.001526781
0.0012969839
0.0008517436
0.00019106007
-0.0006850667
-0.0017122241
-0.0025039362
-0.0029957907
-0.003187787
-0.003079926
-0.0026722068
-0.0019646299
-0.0009571951
0.00035009743
0.0019572477
0.003864256
0.005604861
0.006712802
0.0071880794
0.0070306924
0.0062406417
0.0048179273
0.0027625484
7.450569e-5
-0.003246201
-0.0071995715
-0.0115246745
-0.014655916
-0.016332366
-0.016554022
-0.015320887
-0.012632959
-0.008490238
-0.0028927247
0.0041595814
0.01266668
0.02262857
0.031492982
0.036707647
0.03827256
0.036187723
0.030453138
0.021068802
0.008034718
-0.008649116
-0.028982699
-0.052966032
-0.078264564
-0.090870954
-0.088450655
-0.071003675
-0.03853
0.008970366
0.07149742
0.14905116
0.2416316
0.34923872
0.47187254
