2.2385433
-0.76091087
-1.0374248
0.23658074
0.52247614
-0.016351359
-0.2365754
-0.03908959
0.09732263
0.039929148
-0.03635953
-0.028317545
0.011997369
0.01620168
-0.002697968
-0.007953065
-0.0002531444
0.0034825006
0.00082947296
-0.0013901107
-0.0007150669
0.0005018802
0.00046969272
-0.00015377984
-0.00025384824
2.6794063e-5
0.00011979418
7.285802e-6
-5.2677187e-5
-7.558925e-6
2.5500507e-5
-7.5979356e-6
-0.30707943
0.9966828
0.78466547
-0.21447448
-0.4229838
0.014683212
0.19217716
0.031657543
-0.07904587
-0.032421097
0.029528048
0.022996036
-0.009742947
-0.013157137
0.0021909836
0.006458566
0.00020557457
-0.0028280872
-0.0006736027
0.0011288883
0.0005806953
-0.00040756946
-0.00038143052
0.00012488232
0.00020614639
-2.1759062e-5
-9.728308e-5
-5.916692e-6
4.2778363e-5
6.1384912e-6
-2.0708585e-5
6.170171e-6
0.106688835
-0.35653698
0.056802075
0.8014883
0.6969675
-0.052424744
-0.32938257
-0.052389435
0.13524401
0.05528546
-0.050456498
-0.039275147
0.016643109
0.022473536
-0.0037424879
-0.011031864
-0.000351137
0.0048306515
0.0011505793
-0.0019282523
-0.0009918846
0.0006961687
0.0006515208
-0.00021331129
-0.00035211828
3.7166614e-5
0.00016616906
1.01062915e-5
-7.306965e-5
-1.0485146e-5
3.5372297e-5
-1.0539259e-5
-0.044588193
0.14957772
-0.04207886
-0.3119906
0.0058148345
0.7055012
0.74356496
0.0779841
-0.30020443
-0.11871332
0.11060346
0.08566821
-0.03636811
-0.049070515
0.008173743
0.024089374
0.0007666513
-0.010548321
-0.0025124238
0.0042105736
0.0021659
-0.0015201689
-0.0014226747
0.00046579106
0.000768893
-8.1157814e-5
-0.00036285032
-2.2068312e-5
0.00015955645
2.2895589e-5
-7.72397e-5
2.301375e-5
0.019003477
-0.0637772
0.018807728
0.13187584
-0.01663233
-0.29972902
-0.09225885
0.59744704
0.79235506
0.229342
-0.26265
-0.19440924
0.08393166
0.11243514
-0.01877316
-0.055228315
-0.0017555759
0.02418405
0.005760051
-0.009653508
-0.0049657035
0.0034852584
0.0032617338
-0.0010679087
-0.0017628237
0.00018606869
0.0008318987
5.059552e-5
-0.00036581146
-5.24922e-5
0.00017708572
-5.2763105e-5
-0.008153082
0.027363593
-0.008107394
-0.056530863
0.007756138
0.12855119
0.029735886
-0.2709353
-0.18091114
0.45411682
0.80991703
0.40005764
-0.20509292
-0.25629336
0.043816112
0.12663354
0.0039777486
-0.05546387
-0.0132064065
0.022138476
0.0113875
-0.007992641
-0.007479999
0.0024489951
0.004042614
-0.00042670412
-0.0019077605
-0.00011602871
0.000838901
0.00012037829
-0.0004061037
0.000120999546
0.0035459148
-0.011900941
0.0035275468
0.024584357
-0.0033976187
-0.05590746
-0.0125463065
0.11840774
0.07244117
-0.2170906
-0.24571373
0.2842941
0.80133235
0.55454135
-0.121367745
-0.29325712
-0.007982333
0.12875323
0.03056087
-0.051367637
-0.026412146
0.018541774
0.017351499
-0.0056810896
-0.009377815
0.0009898467
0.004425512
0.00026915644
-0.0019460338
-0.00027924654
0.0009420558
-0.0002806877
-0.0015326289
0.0051438725
-0.0015247524
-0.010625866
0.0014695454
0.02416447
0.0054067248
-0.051202524
-0.031050945
0.09464741
0.10176704
-0.14196283
-0.28744054
0.12391706
0.7556475
0.6734128
-0.011135112
-0.3030982
-0.06963976
0.12034154
0.0616347
-0.043356135
-0.040548544
0.013278668
0.021916969
-0.0023134702
-0.010342956
-0.0006290461
0.004548116
0.00065263256
-0.002201698
0.00065600104
0.00065600104
-0.002201698
0.00065263256
0.004548116
-0.0006290461
-0.010342956
-0.0023134702
0.021916969
0.013278668
-0.040548544
-0.043356135
0.0616347
0.12034154
-0.06963976
-0.3030982
-0.011135112
0.6734128
0.7556475
0.12391706
-0.28744054
-0.14196283
0.10176704
0.09464741
-0.031050945
-0.051202524
0.0054067248
0.02416447
0.0014695454
-0.010625866
-0.0015247524
0.0051438725
-0.0015326289
-0.0002806877
0.0009420558
-0.00027924654
-0.0019460338
0.00026915644
0.004425512
0.0009898467
-0.009377815
-0.0056810896
0.017351499
0.018541774
-0.026412146
-0.051367637
0.03056087
0.12875323
-0.007982333
-0.29325712
-0.121367745
0.55454135
0.80133235
0.2842941
-0.24571373
-0.2170906
0.07244117
0.11840774
-0.0125463065
-0.05590746
-0.0033976187
0.024584357
0.0035275468
-0.011900941
0.0035459148
0.000120999546
-0.0004061037
0.00012037829
0.000838901
-0.00011602871
-0.0019077605
-0.00042670412
0.004042614
0.0024489951
-0.007479999
-0.007992641
0.0113875
0.022138476
-0.0132064065
-0.05546387
0.0039777486
0.12663354
0.043816112
-0.25629336
-0.20509292
0.40005764
0.80991703
0.45411682
-0.18091114
-0.2709353
0.029735886
0.12855119
0.007756138
-0.056530863
-0.008107394
0.027363593
-0.008153082
-5.2763105e-5
0.00017708572
-5.24922e-5
-0.00036581146
5.059552e-5
0.0008318987
0.00018606869
-0.0017628237
-0.0010679087
0.0032617338
0.0034852584
-0.0049657035
-0.009653508
0.005760051
0.02418405
-0.0017555759
-0.055228315
-0.01877316
0.11243514
0.08393166
-0.19440924
-0.26265
0.229342
0.79235506
0.59744704
-0.09225885
-0.29972902
-0.01663233
0.13187584
0.018807728
-0.0637772
0.019003477
2.301375e-5
-7.72397e-5
2.2895589e-5
0.00015955645
-2.2068312e-5
-0.00036285032
-8.1157814e-5
0.000768893
0.00046579106
-0.0014226747
-0.0015201689
0.0021659
0.0042105736
-0.0025124238
-0.010548321
0.0007666513
0.024089374
0.008173743
-0.049070515
-0.03636811
0.08566821
0.11060346
-0.11871332
-0.30020443
0.0779841
0.74356496
0.7055012
0.0058148345
-0.3119906
-0.04207886
0.14957772
-0.044588193
-1.0539259e-5
3.5372297e-5
-1.0485146e-5
-7.306965e-5
1.01062915e-5
0.00016616906
3.7166614e-5
-0.00035211828
-0.00021331129
0.0006515208
0.0006961687
-0.0009918846
-0.0019282523
0.0011505793
0.0048306515
-0.000351137
-0.011031864
-0.0037424879
0.022473536
0.016643109
-0.039275147
-0.050456498
0.05528546
0.13524401
-0.052389435
-0.32938257
-0.052424744
0.6969675
0.8014883
0.056802075
-0.35653698
0.106688835
6.170171e-6
-2.0708585e-5
6.1384912e-6
4.2778363e-5
-5.916692e-6
-9.728308e-5
-2.1759062e-5
0.00020614639
0.00012488232
-0.00038143052
-0.00040756946
0.0005806953
0.0011288883
-0.0006736027
-0.0028280872
0.00020557457
0.006458566
0.0021909836
-0.013157137
-0.009742947
0.022996036
0.029528048
-0.032421097
-0.07904587
0.031657543
0.19217716
0.014683212
-0.4229838
-0.21447448
0.78466547
0.9966828
-0.30707943
-7.5979356e-6
2.5500507e-5
-7.558925e-6
-5.2677187e-5
7.285802e-6
0.00011979418
2.6794063e-5
-0.00025384824
-0.00015377984
0.00046969272
0.0005018802
-0.0007150669
-0.0013901107
0.00082947296
0.0034825006
-0.0002531444
-0.007953065
-0.002697968
0.01620168
0.011997369
-0.028317545
-0.03635953
0.039929148
0.09732263
-0.03908959
-0.2365754
-0.016351359
0.52247614
0.23658074
-1.0374248
-0.76091087
2.2385433
