1.8908942
0.52433944
-0.3654122
-0.7783607
-0.7145061
-0.25475368
0.11546489
0.3152443
0.34458455
0.20348565
0.013111566
-0.10537372
-0.15197021
-0.1266779
-0.042344403
0.023944579
0.059341438
0.06384617
0.037458777
0.002275085
-0.019609082
-0.028193725
-0.023478843
-0.007842747
0.004444711
0.011005219
0.011838779
0.006945389
0.0004215535
-0.0036362235
-0.005227942
-0.0043536024
-0.0014542064
0.0008242333
0.0020407145
0.0021952374
0.001287802
7.805311e-5
-0.0006743642
-0.00096945005
-0.00080720434
-0.00026942417
0.00015310793
0.00037859488
0.00040703666
0.00023843329
1.3857389e-5
-0.00012561843
-0.00017999417
-0.00014926982
-4.873681e-5
2.9856274e-5
7.1218004e-5
7.534838e-5
4.22474e-5
-7.546091e-7
-2.632733e-5
-3.4470762e-5
-2.5184909e-5
-2.1017343e-6
1.2986945e-5
1.644916e-5
8.284909e-6
-1.15058065e-5
-0.32839364
0.18357085
0.48225203
0.5676499
0.43976444
0.13890319
-0.09308873
-0.21590382
-0.22954205
-0.13400345
-0.007755946
0.07073251
0.10146193
0.084432304
0.0281883
-0.016002106
-0.039594244
-0.04258812
-0.024983728
-0.0015157613
0.013081095
0.018806841
0.015661478
0.005231411
-0.0029649078
-0.0073410706
-0.007897077
-0.004632928
-0.0002811946
0.0024255507
0.0034873083
0.002904078
0.0009700307
-0.0005498064
-0.0013612623
-0.001464337
-0.0008590306
-5.206546e-5
0.00044983588
0.0006466734
0.00053844706
0.00017971986
-0.00010213092
-0.00025254238
-0.00027151452
-0.00015904735
-9.243596e-6
8.3793995e-5
0.00012006543
9.9570694e-5
3.2509975e-5
-1.991568e-5
-4.7506095e-5
-5.026127e-5
-2.8181204e-5
5.0336337e-7
1.7561693e-5
2.2993785e-5
1.6799639e-5
1.4019655e-6
-8.662964e-6
-1.0972441e-5
-5.526463e-6
7.674968e-6
0.12045649
-0.08445765
-0.17275941
-0.14444879
0.00047421484
0.23380755
0.38633895
0.42986637
0.36438984
0.1899093
-0.0021172657
-0.12023187
-0.16443452
-0.13472521
-0.044466734
0.026164325
0.06380519
0.06845587
0.040116347
0.0024096514
-0.021041213
-0.030236244
-0.025175441
-0.008408414
0.0047671865
0.011801753
0.0126952855
0.007447784
0.00045199675
-0.0038993258
-0.005606184
-0.0046685776
-0.0015594136
0.00088386744
0.002188359
0.0023540608
0.0013809731
8.370008e-5
-0.00072315393
-0.0010395888
-0.0008656048
-0.00028891675
0.00016418516
0.00040598586
0.0004364854
0.00025568373
1.4859958e-5
-0.0001347068
-0.00019301657
-0.00016006935
-5.2262872e-5
3.2016345e-5
7.637056e-5
8.0799764e-5
4.530396e-5
-8.0920444e-7
-2.8232089e-5
-3.696469e-5
-2.7007014e-5
-2.2537927e-6
1.39265385e-5
1.763924e-5
8.884314e-6
-1.2338241e-5
-0.050974287
0.036606517
0.072898574
0.057901897
-0.008383531
-0.110290214
-0.15381327
-0.123285234
-0.018706081
0.15992418
0.32829264
0.40208638
0.38130543
0.26594976
0.07632367
-0.06574688
-0.13995759
-0.14630848
-0.08479952
-0.0045556985
0.045298018
0.06476163
0.053835146
0.017959446
-0.010220121
-0.025262661
-0.027168177
-0.015936669
-0.0009661792
0.008345246
0.0119976085
0.009990907
0.0033371565
-0.0018915532
-0.004683207
-0.0050378046
-0.0029553464
-0.0001791202
0.0015475856
0.002224771
0.0018524365
0.0006182958
-0.00035136432
-0.0008688296
-0.00093410007
-0.00054717564
-3.180103e-5
0.00028827915
0.0004130649
0.00034255622
0.000111845104
-6.851654e-5
-0.00016343672
-0.00017291545
-9.695269e-5
1.731737e-6
6.041805e-5
7.910625e-5
5.779633e-5
4.8232264e-6
-2.9803472e-5
-3.7748836e-5
-1.9012867e-5
2.6404437e-5
0.021908699
-0.015771419
-0.03132257
-0.024744753
0.0039620325
0.04790023
0.06568452
0.05041735
0.0020987173
-0.079271376
-0.1432361
-0.13933861
-0.06757893
0.07204297
0.25954622
0.3750456
0.39856023
0.33009017
0.16963537
-0.0034344913
-0.109749734
-0.14931037
-0.12211637
-0.04025153
0.023781588
0.057899226
0.06210138
0.03638805
0.0021830832
-0.019089675
-0.027430225
-0.022838566
-0.0076276204
0.004325079
0.010706611
0.011516975
0.006756172
0.00040944124
-0.0035379769
-0.0050860825
-0.0042348756
-0.0014134913
0.00080326
0.001986243
0.0021354582
0.0012509052
7.270066e-5
-0.0006590388
-0.00094431307
-0.0007831222
-0.00025569054
0.00015663657
0.00037363483
0.00039530423
0.0002216448
-3.9589468e-6
-0.00013812249
-0.00018084582
-0.00013212893
-1.1026441e-5
6.8134104e-5
8.62981e-5
4.3465563e-5
-6.0363527e-5
-0.0094336495
0.0067926426
0.013486765
0.010648719
-0.0017214965
-0.020646803
-0.028264733
-0.021598207
-0.0006472283
0.034588207
0.061768133
0.058552597
0.024941597
-0.03906487
-0.121323034
-0.14897026
-0.109862804
-0.004000646
0.1686162
0.32885733
0.39759234
0.3748212
0.26054388
0.07451639
-0.06472541
-0.13742557
-0.14358407
-0.08320095
-0.0044583515
0.044461522
0.063558675
0.052833106
0.017624276
-0.010031072
-0.024793483
-0.026662955
-0.015639488
-0.00094680407
0.008191374
0.0117750475
0.009804215
0.0032723532
-0.0018596854
-0.004598425
-0.004943865
-0.0028960058
-0.0001683095
0.0015257619
0.0021862085
0.0018130303
0.00059195695
-0.00036263422
-0.0008650136
-0.00091518107
-0.00051313674
9.165484e-6
0.00031977164
0.00041868174
0.00030589578
2.5527654e-5
-0.00015773937
-0.00019979141
-0.000100628466
0.00013974946
0.004061697
-0.0029246712
-0.005806766
-0.004584587
0.0007418649
0.008890493
0.012168709
0.009294417
0.00026761543
-0.014911695
-0.026598502
-0.025147792
-0.010559564
0.017166179
0.052648332
0.063600235
0.044640783
-0.0042300266
-0.08301219
-0.14347921
-0.1374046
-0.06478835
0.07436954
0.26032418
0.3746062
0.39747068
0.32891765
0.1689471
-0.0034768728
-0.109390184
-0.14879283
-0.121684805
-0.04010632
0.023701387
0.057698112
0.061883852
0.03625861
0.002172122
-0.019025892
-0.027335426
-0.022756482
-0.00759453
0.00431761
0.010674467
0.011476043
0.0067223352
0.00039064456
-0.0035417306
-0.00507479
-0.0042085345
-0.0013740906
0.00084177434
0.0020079326
0.0021243847
0.00119113
-2.1275673e-5
-0.0007422772
-0.00097187445
-0.0007100675
-5.9256636e-5
0.00036615608
0.00046377032
0.00023358609
-0.0003243966
-0.0017492364
0.0012595606
0.002500778
0.0019744162
-0.00031952502
-0.0038288762
-0.0052406196
-0.004002587
-0.00011477675
0.0064228103
0.011455252
0.010827624
0.00453993
-0.007407833
-0.022691626
-0.027367232
-0.019110614
0.0020782286
0.036199298
0.06187304
0.057719916
0.023739925
-0.04006694
-0.12165848
-0.14878154
-0.10939394
-0.0034956692
0.16891328
0.32887673
0.39743856
0.3745987
0.26035726
0.074451625
-0.064693555
-0.13734083
-0.14349018
-0.08314163
-0.0044475426
0.044439714
0.06352013
0.052793726
0.017597951
-0.010042356
-0.024789726
-0.026644157
-0.015605651
-0.00090587354
0.008223509
0.011782497
0.00977109
0.0031902313
-0.0019544233
-0.0046619307
-0.0049322904
-0.0027655032
4.939886e-5
0.0017233833
0.0022564502
0.0016485994
0.000137579
-0.0008501231
-0.001076759
-0.00054232863
0.000753168
0.000753168
-0.00054232863
-0.001076759
-0.0008501231
0.000137579
0.0016485994
0.0022564502
0.0017233833
4.939886e-5
-0.0027655032
-0.0049322904
-0.0046619307
-0.0019544233
0.0031902313
0.00977109
0.011782497
0.008223509
-0.00090587354
-0.015605651
-0.026644157
-0.024789726
-0.010042356
0.017597951
0.052793726
0.06352013
0.044439714
-0.0044475426
-0.08314163
-0.14349018
-0.13734083
-0.064693555
0.074451625
0.26035726
0.3745987
0.39743856
0.32887673
0.16891328
-0.0034956692
-0.10939394
-0.14878154
-0.12165848
-0.04006694
0.023739925
0.057719916
0.06187304
0.036199298
0.0020782286
-0.019110614
-0.027367232
-0.022691626
-0.007407833
0.00453993
0.010827624
0.011455252
0.0064228103
-0.00011477675
-0.004002587
-0.0052406196
-0.0038288762
-0.00031952502
0.0019744162
0.002500778
0.0012595606
-0.0017492364
-0.0003243966
0.00023358609
0.00046377032
0.00036615608
-5.9256636e-5
-0.0007100675
-0.00097187445
-0.0007422772
-2.1275673e-5
0.00119113
0.0021243847
0.0020079326
0.00084177434
-0.0013740906
-0.0042085345
-0.00507479
-0.0035417306
0.00039064456
0.0067223352
0.011476043
0.010674467
0.00431761
-0.00759453
-0.022756482
-0.027335426
-0.019025892
0.002172122
0.03625861
0.061883852
0.057698112
0.023701387
-0.04010632
-0.121684805
-0.14879283
-0.109390184
-0.0034768728
0.1689471
0.32891765
0.39747068
0.3746062
0.26032418
0.07436954
-0.06478835
-0.1374046
-0.14347921
-0.08301219
-0.0042300266
0.044640783
0.063600235
0.052648332
0.017166179
-0.010559564
-0.025147792
-0.026598502
-0.014911695
0.00026761543
0.009294417
0.012168709
0.008890493
0.0007418649
-0.004584587
-0.005806766
-0.0029246712
0.004061697
0.00013974946
-0.000100628466
-0.00019979141
-0.00015773937
2.5527654e-5
0.00030589578
0.00041868174
0.00031977164
9.165484e-6
-0.00051313674
-0.00091518107
-0.0008650136
-0.00036263422
0.00059195695
0.0018130303
0.0021862085
0.0015257619
-0.0001683095
-0.0028960058
-0.004943865
-0.004598425
-0.0018596854
0.0032723532
0.009804215
0.0117750475
0.008191374
-0.00094680407
-0.015639488
-0.026662955
-0.024793483
-0.010031072
0.017624276
0.052833106
0.063558675
0.044461522
-0.0044583515
-0.08320095
-0.14358407
-0.13742557
-0.06472541
0.07451639
0.26054388
0.3748212
0.39759234
0.32885733
0.1686162
-0.004000646
-0.109862804
-0.14897026
-0.121323034
-0.03906487
0.024941597
0.058552597
0.061768133
0.034588207
-0.0006472283
-0.021598207
-0.028264733
-0.020646803
-0.0017214965
0.010648719
0.013486765
0.0067926426
-0.0094336495
-6.0363527e-5
4.3465563e-5
8.62981e-5
6.8134104e-5
-1.1026441e-5
-0.00013212893
-0.00018084582
-0.00013812249
-3.9589468e-6
0.0002216448
0.00039530423
0.00037363483
0.00015663657
-0.00025569054
-0.0007831222
-0.00094431307
-0.0006590388
7.270066e-5
0.0012509052
0.0021354582
0.001986243
0.00080326
-0.0014134913
-0.0042348756
-0.0050860825
-0.0035379769
0.00040944124
0.006756172
0.011516975
0.010706611
0.004325079
-0.0076276204
-0.022838566
-0.027430225
-0.019089675
0.0021830832
0.03638805
0.06210138
0.057899226
0.023781588
-0.04025153
-0.12211637
-0.14931037
-0.109749734
-0.0034344913
0.16963537
0.33009017
0.39856023
0.3750456
0.25954622
0.07204297
-0.06757893
-0.13933861
-0.1432361
-0.079271376
0.0020987173
0.05041735
0.06568452
0.04790023
0.0039620325
-0.024744753
-0.03132257
-0.015771419
0.021908699
2.6404437e-5
-1.9012867e-5
-3.7748836e-5
-2.9803472e-5
4.8232264e-6
5.779633e-5
7.910625e-5
6.041805e-5
1.731737e-6
-9.695269e-5
-0.00017291545
-0.00016343672
-6.851654e-5
0.000111845104
0.00034255622
0.0004130649
0.00028827915
-3.180103e-5
-0.00054717564
-0.00093410007
-0.0008688296
-0.00035136432
0.0006182958
0.0018524365
0.002224771
0.0015475856
-0.0001791202
-0.0029553464
-0.0050378046
-0.004683207
-0.0018915532
0.0033371565
0.009990907
0.0119976085
0.008345246
-0.0009661792
-0.015936669
-0.027168177
-0.025262661
-0.010220121
0.017959446
0.053835146
0.06476163
0.045298018
-0.0045556985
-0.08479952
-0.14630848
-0.13995759
-0.06574688
0.07632367
0.26594976
0.38130543
0.40208638
0.32829264
0.15992418
-0.018706081
-0.123285234
-0.15381327
-0.110290214
-0.008383531
0.057901897
0.072898574
0.036606517
-0.050974287
-1.2338241e-5
8.884314e-6
1.763924e-5
1.39265385e-5
-2.2537927e-6
-2.7007014e-5
-3.696469e-5
-2.8232089e-5
-8.0920444e-7
4.530396e-5
8.0799764e-5
7.637056e-5
3.2016345e-5
-5.2262872e-5
-0.00016006935
-0.00019301657
-0.0001347068
1.4859958e-5
0.00025568373
0.0004364854
0.00040598586
0.00016418516
-0.00028891675
-0.0008656048
-0.0010395888
-0.00072315393
8.370008e-5
0.0013809731
0.0023540608
0.002188359
0.00088386744
-0.0015594136
-0.0046685776
-0.005606184
-0.0038993258
0.00045199675
0.007447784
0.0126952855
0.011801753
0.0047671865
-0.008408414
-0.025175441
-0.030236244
-0.021041213
0.0024096514
0.040116347
0.06845587
0.06380519
0.026164325
-0.044466734
-0.13472521
-0.16443452
-0.12023187
-0.0021172657
0.1899093
0.36438984
0.42986637
0.38633895
0.23380755
0.00047421484
-0.14444879
-0.17275941
-0.08445765
0.12045649
7.674968e-6
-5.526463e-6
-1.0972441e-5
-8.662964e-6
1.4019655e-6
1.6799639e-5
2.2993785e-5
1.7561693e-5
5.0336337e-7
-2.8181204e-5
-5.026127e-5
-4.7506095e-5
-1.991568e-5
3.2509975e-5
9.9570694e-5
0.00012006543
8.3793995e-5
-9.243596e-6
-0.00015904735
-0.00027151452
-0.00025254238
-0.00010213092
0.00017971986
0.00053844706
0.0006466734
0.00044983588
-5.206546e-5
-0.0008590306
-0.001464337
-0.0013612623
-0.0005498064
0.0009700307
0.002904078
0.0034873083
0.0024255507
-0.0002811946
-0.004632928
-0.007897077
-0.0073410706
-0.0029649078
0.005231411
0.015661478
0.018806841
0.013081095
-0.0015157613
-0.024983728
-0.04258812
-0.039594244
-0.016002106
0.0281883
0.084432304
0.10146193
0.07073251
-0.007755946
-0.13400345
-0.22954205
-0.21590382
-0.09308873
0.13890319
0.43976444
0.5676499
0.48225203
0.18357085
-0.32839364
-1.15058065e-5
8.284909e-6
1.644916e-5
1.2986945e-5
-2.1017343e-6
-2.5184909e-5
-3.4470762e-5
-2.632733e-5
-7.546091e-7
4.22474e-5
7.534838e-5
7.1218004e-5
2.9856274e-5
-4.873681e-5
-0.00014926982
-0.00017999417
-0.00012561843
1.3857389e-5
0.00023843329
0.00040703666
0.00037859488
0.00015310793
-0.00026942417
-0.00080720434
-0.00096945005
-0.0006743642
7.805311e-5
0.001287802
0.0021952374
0.0020407145
0.0008242333
-0.0014542064
-0.0043536024
-0.005227942
-0.0036362235
0.0004215535
0.006945389
0.011838779
0.011005219
0.004444711
-0.007842747
-0.023478843
-0.028193725
-0.019609082
0.002275085
0.037458777
0.06384617
0.059341438
0.023944579
-0.042344403
-0.1266779
-0.15197021
-0.10537372
0.013111566
0.20348565
0.34458455
0.3152443
0.11546489
-0.25475368
-0.7145061
-0.7783607
-0.3654122
0.52433944
1.8908942
