1.9373813
0.45592892
-0.46858302
-0.83615464
-0.64678586
-0.12306348
0.22083302
0.36428595
0.3072953
0.0904091
-0.072861984
-0.15147337
-0.14542508
-0.060163084
0.018386913
0.0605745
0.06639968
0.035978016
-0.0014512985
-0.023236552
-0.02937775
-0.019874888
-0.0024994458
0.008449055
0.012659758
0.010132661
0.0026031511
-0.0027944078
-0.0052887327
-0.0048798244
-0.0018468555
0.0007692576
0.0021356086
0.0022521976
0.0011349131
-0.00011594832
-0.0008290869
-0.0010045025
-0.0006421953
-5.3713855e-5
0.0003070808
0.00043634235
0.00033407085
7.3889954e-5
-0.0001049233
-0.000183963
-0.00016322914
-5.6122954e-5
3.0938565e-5
7.503849e-5
7.617684e-5
3.5582525e-5
-6.1896626e-6
-2.9476809e-5
-3.427891e-5
-2.0595968e-5
-7.824041e-7
1.1088614e-5
1.5002397e-5
1.0958943e-5
2.019803e-6
-3.895474e-6
-6.382056e-6
-5.4399425e-6
-1.6823254e-6
1.2116458e-6
2.6287792e-6
2.569075e-6
1.1076398e-6
-2.862512e-7
-1.0446034e-6
-1.1674168e-6
-6.551966e-7
8.241572e-9
3.981699e-7
5.145884e-7
3.5749704e-7
5.212119e-8
-1.432619e-7
-2.2082565e-7
-1.8057007e-7
-4.956185e-8
4.6512135e-8
9.182395e-8
8.637359e-8
3.4195022e-8
-1.2270205e-8
-3.6886235e-8
-3.9653067e-8
-2.0726954e-8
1.4543254e-9
1.42343275e-8
1.7613052e-8
1.1590501e-8
1.217841e-9
-5.2257936e-9
-7.620849e-9
-5.9673235e-9
-1.4270786e-9
1.7579728e-9
3.198398e-9
2.8941973e-9
1.0450358e-9
-5.021856e-10
-1.2982206e-9
-1.3430692e-9
-6.516559e-10
8.9492296e-11
5.072629e-10
6.016559e-10
3.7267134e-10
2.1974016e-11
-1.9012368e-10
-2.6259286e-10
-1.9543354e-10
-3.7828046e-11
6.7695176e-11
1.12102626e-10
9.539432e-11
2.7336846e-11
-2.489942e-11
-4.8558095e-11
-4.363918e-11
-1.1435515e-11
1.5810978e-11
2.4142873e-11
1.3560172e-11
-1.5937127e-11
-0.33324003
0.22759357
0.5357183
0.59113425
0.39384133
0.05637351
-0.16131361
-0.2487963
-0.20607454
-0.05977346
0.049908943
0.10258782
0.09826317
0.040605906
-0.012464877
-0.04096302
-0.044888522
-0.024319492
0.0009829133
0.01570966
0.019860744
0.01343617
0.0016896497
-0.0057119816
-0.008558575
-0.00685013
-0.0017598432
0.0018891478
0.0035754226
0.003298981
0.0012485574
-0.00052005297
-0.0014437678
-0.0015225871
-0.00076725247
7.838631e-5
0.00056050014
0.00067908905
0.000434153
3.6312988e-5
-0.00020760047
-0.0002949871
-0.00022584696
-4.995294e-5
7.093289e-5
0.00012436729
0.00011035026
3.794165e-5
-2.0915866e-5
-5.0729406e-5
-5.149898e-5
-2.4055393e-5
4.184491e-6
1.9927653e-5
2.317409e-5
1.3923804e-5
5.2894046e-7
-7.4964037e-6
-1.0142297e-5
-7.4087397e-6
-1.365478e-6
2.6335163e-6
4.314558e-6
3.6776466e-6
1.1373279e-6
-8.191272e-7
-1.7771733e-6
-1.7368106e-6
-7.4881444e-7
1.9351873e-7
7.0619905e-7
7.892265e-7
4.4294245e-7
-5.5716747e-9
-2.6918082e-7
-3.4788496e-7
-2.4168412e-7
-3.5236276e-8
9.685151e-8
1.4928811e-7
1.2207352e-7
3.3506048e-8
-3.14443e-8
-6.207713e-8
-5.839244e-8
-2.3117378e-8
8.2952125e-9
2.4936758e-8
2.6807262e-8
1.4012356e-8
-9.831896e-10
-9.623047e-9
-1.1907218e-8
-7.835702e-9
-8.2331547e-10
3.5328722e-9
5.1520375e-9
4.03418e-9
9.647695e-10
-1.1884689e-9
-2.1622615e-9
-1.956608e-9
-7.0649137e-10
3.3950012e-10
8.776557e-10
9.0797536e-10
4.405488e-10
-6.0500834e-11
-3.429326e-10
-4.0674655e-10
-2.5194263e-10
-1.4855428e-11
1.2853218e-10
1.7752462e-10
1.3212188e-10
2.5573467e-11
-4.5764992e-11
-7.578643e-11
-6.449086e-11
-1.848094e-11
1.683313e-11
3.2827463e-11
2.9502054e-11
7.7309235e-12
-1.0688935e-11
-1.6321671e-11
-9.1672885e-12
1.0774217e-11
0.12222204
-0.10156495
-0.18649314
-0.13256253
0.060226895
0.31266633
0.44178194
0.44023678
0.30803087
0.07636202
-0.09049405
-0.16865152
-0.1581104
-0.06464319
0.02067283
0.06640958
0.07256705
0.03927119
-0.0016158473
-0.02541034
-0.03211228
-0.02172168
-0.0027305356
0.009235862
0.013837833
0.011075376
0.002845293
-0.0030544547
-0.005780844
-0.005333875
-0.0020186964
0.0008408367
0.0023343216
0.002461758
0.0012405134
-0.00012673708
-0.0009062311
-0.0010979687
-0.00070194976
-5.8711772e-5
0.0003356538
0.00047694278
0.0003651552
8.07652e-5
-0.00011468612
-0.00020108024
-0.00017841715
-6.134503e-5
3.3817312e-5
8.202061e-5
8.326488e-5
3.889338e-5
-6.7655933e-6
-3.221954e-5
-3.7468468e-5
-2.2512366e-5
-8.552046e-7
1.2120378e-5
1.6398328e-5
1.1978642e-5
2.2077402e-6
-4.2579372e-6
-6.9758885e-6
-5.946114e-6
-1.8388611e-6
1.324386e-6
2.8733798e-6
2.8081201e-6
1.2107025e-6
-3.1288607e-7
-1.1418008e-6
-1.2760418e-6
-7.161608e-7
9.008427e-9
4.3521848e-7
5.624694e-7
3.9076113e-7
5.697092e-8
-1.5659202e-7
-2.4137287e-7
-1.973716e-7
-5.417344e-8
5.0839958e-8
1.00367906e-7
9.44104e-8
3.7376772e-8
-1.3411913e-8
-4.0318394e-8
-4.3342673e-8
-2.2655538e-8
1.5896464e-9
1.5558792e-8
1.9251898e-8
1.26689645e-8
1.3311576e-9
-5.712039e-9
-8.329947e-9
-6.522566e-9
-1.5598642e-9
1.9215471e-9
3.496e-9
3.1634944e-9
1.1422734e-9
-5.489126e-10
-1.4190163e-9
-1.468038e-9
-7.1229067e-10
9.781931e-11
5.544623e-10
6.5763833e-10
4.0734735e-10
2.4018638e-11
-2.0781415e-10
-2.870264e-10
-2.1361808e-10
-4.134784e-11
7.399402e-11
1.2253346e-10
1.0427049e-10
2.9880463e-11
-2.721624e-11
-5.3076286e-11
-4.769968e-11
-1.2499557e-11
1.7282144e-11
2.63893e-11
1.4821908e-11
-1.742003e-11
-0.051697485
0.04388156
0.078373864
0.051779427
-0.03590175
-0.14060283
-0.16052851
-0.091597036
0.06619163
0.28404173
0.4103258
0.4229971
0.32205558
0.116282284
-0.05577783
-0.14631702
-0.15533529
-0.08309491
0.0040519717
0.054702103
0.06885548
0.046512105
0.005823679
-0.01981067
-0.029664868
-0.023738923
-0.0060976297
0.006548163
0.012391876
0.011433512
0.0043271603
-0.0018024368
-0.0050038137
-0.00527697
-0.002659134
0.00027167282
0.0019425781
0.0023535818
0.0015046841
0.00012585318
-0.00071950024
-0.0010223642
-0.0007827388
-0.00017312654
0.0002458387
0.00043103125
0.00038245114
0.00013149789
-7.249005e-5
-0.00017581761
-0.00017848478
-8.337101e-5
1.4502579e-5
6.9065114e-5
8.031659e-5
4.8257018e-5
1.833198e-6
-2.5980982e-5
-3.51511e-5
-2.5677156e-5
-4.732464e-6
9.127221e-6
1.49533635e-5
1.2745961e-5
3.9417428e-6
-2.838925e-6
-6.1593146e-6
-6.0194257e-6
-2.5952359e-6
6.7069584e-7
2.4475396e-6
2.7352955e-6
1.5351468e-6
-1.9310269e-8
-9.3292493e-7
-1.2056972e-6
-8.376271e-7
-1.2212163e-7
3.3566727e-7
5.1740165e-7
4.230815e-7
1.16125015e-7
-1.0897943e-7
-2.1514647e-7
-2.023761e-7
-8.012004e-8
2.8749488e-8
8.6425636e-8
9.2908415e-8
4.8563923e-8
-3.4075316e-9
-3.335149e-8
-4.1267953e-8
-2.7156918e-8
-2.8534408e-9
1.2244203e-8
1.7855895e-8
1.3981632e-8
3.343691e-9
-4.118987e-9
-7.4939495e-9
-6.781198e-9
-2.4485527e-9
1.1766371e-9
3.0417728e-9
3.1468546e-9
1.5268509e-9
-2.0968334e-10
-1.1885334e-9
-1.4096992e-9
-8.731809e-10
-5.1485833e-11
4.4546591e-10
6.1526356e-10
4.579071e-10
8.863233e-11
-1.5861197e-10
-2.6266006e-10
-2.2351196e-10
-6.405111e-11
5.8340145e-11
1.13773185e-10
1.02248e-10
2.679378e-11
-3.7045634e-11
-5.6567532e-11
-3.1771922e-11
3.7341203e-11
0.022197535
-0.01888234
-0.033629157
-0.022042917
0.01587638
0.060740456
0.067762025
0.035145193
-0.03711004
-0.13177654
-0.15814273
-0.10301906
0.033594444
0.24306095
0.38911012
0.42471907
0.34988785
0.16503991
-0.022685146
-0.13028589
-0.1577623
-0.1051144
-0.012632125
0.04555104
0.06782349
0.054185238
0.013896183
-0.0149751585
-0.028313268
-0.026118148
-0.00988364
0.004118491
0.011431412
0.012055122
0.006074666
-0.0006206764
-0.004437805
-0.005376721
-0.0034374227
-0.00028750737
0.0016436876
0.0023355747
0.0017881539
0.00039550467
-0.0005616146
-0.000984684
-0.00087370345
-0.0003004048
0.00016560237
0.0004016525
0.00040774563
0.00019045972
-3.313091e-5
-0.00015777814
-0.00018348196
-0.00011024238
-4.187911e-6
5.9353133e-5
8.030212e-5
5.865905e-5
1.0811237e-5
-2.085099e-5
-3.4160716e-5
-2.9117942e-5
-9.004848e-6
6.4854785e-6
1.4070854e-5
1.3751281e-5
5.928774e-6
-1.5321938e-6
-5.5913647e-6
-6.2487384e-6
-3.507018e-6
4.4114e-8
2.131252e-6
2.7543958e-6
1.9135457e-6
2.7898488e-7
-7.668265e-7
-1.1819957e-6
-9.665229e-7
-2.652857e-7
2.4896175e-7
4.914986e-7
4.6232495e-7
1.8303294e-7
-6.567774e-8
-1.9743798e-7
-2.1224777e-7
-1.10943496e-7
7.78445e-9
7.6190936e-8
9.427597e-8
6.203954e-8
6.5186394e-9
-2.7971684e-8
-4.07915e-8
-3.194081e-8
-7.638608e-9
9.409759e-9
1.7119808e-8
1.5491537e-8
5.593679e-9
-2.6880085e-9
-6.948881e-9
-7.1889383e-9
-3.488066e-9
4.790182e-10
2.7151852e-9
3.2204353e-9
1.9947677e-9
1.1761855e-10
-1.0176597e-9
-1.4055597e-9
-1.0460813e-9
-2.0247913e-10
3.623465e-10
6.000427e-10
5.1060944e-10
1.4632373e-10
-1.3327711e-10
-2.59913e-10
-2.335839e-10
-6.120996e-11
8.463015e-11
1.2922761e-10
7.258244e-11
-8.5305374e-11
-0.009550344
0.008125758
0.014467755
0.009475648
-0.006850564
-0.026149087
-0.029104017
-0.014940822
0.0163405
0.057118688
0.06726307
0.04093861
-0.021854684
-0.11587164
-0.15835506
-0.12074789
-0.003050115
0.19431628
0.3645936
0.42507622
0.37576416
0.21665742
0.013607619
-0.11221824
-0.1581861
-0.12429595
-0.031365935
0.035018306
0.06560427
0.06039196
0.022827748
-0.009548441
-0.026454432
-0.027890224
-0.014052522
0.001437035
0.010267772
0.01243969
0.007952786
0.0006651301
-0.0038028846
-0.005403627
-0.0041370983
-0.00091504346
0.0012993618
0.002278181
0.0020214142
0.0006950213
-0.0003831404
-0.00092926977
-0.0009433669
-0.0004406507
7.665221e-5
0.00036503805
0.00042450684
0.00025505858
9.68922e-6
-0.00013732037
-0.00018578829
-0.00013571454
-2.5013056e-5
4.8241192e-5
7.903479e-5
6.736775e-5
2.0833762e-5
-1.5004909e-5
-3.255456e-5
-3.1815187e-5
-1.3716908e-5
3.5449084e-6
1.29362725e-5
1.4457182e-5
8.113894e-6
-1.0206287e-7
-4.930899e-6
-6.372615e-6
-4.42721e-6
-6.45464e-7
1.7741421e-6
2.7346846e-6
2.236163e-6
6.137694e-7
-5.76002e-7
-1.1371393e-6
-1.0696425e-6
-4.2346798e-7
1.5195309e-7
4.5679573e-7
4.910599e-7
2.5668066e-7
-1.8010232e-8
-1.762766e-7
-2.1811842e-7
-1.4353569e-7
-1.508163e-8
6.471574e-8
9.4375885e-8
7.389878e-8
1.7672809e-8
-2.1770571e-8
-3.9608665e-8
-3.5841474e-8
-1.2941626e-8
6.21902e-9
1.6077044e-8
1.6632445e-8
8.070047e-9
-1.1082644e-9
-6.281897e-9
-7.4508515e-9
-4.6151274e-9
-2.7212418e-10
2.3544742e-9
3.2519258e-9
2.420231e-9
4.6845905e-10
-8.3833074e-10
-1.3882685e-9
-1.1813543e-9
-3.3853698e-10
3.083521e-10
6.013389e-10
5.4042354e-10
1.4161636e-10
-1.958017e-10
-2.9898312e-10
-1.6792792e-10
1.973639e-10
0.0041174353
-0.0035033294
-0.0062374356
-0.0040848833
0.0029543273
0.011274322
0.012545463
0.006433746
-0.0070608286
-0.024643581
-0.028965965
-0.017505491
0.00973784
0.050437458
0.06788527
0.049414393
-0.004975169
-0.095026016
-0.15561609
-0.13629508
-0.037062984
0.14208019
0.33525607
0.42124847
0.39742228
0.26377743
0.054465942
-0.09010988
-0.15477137
-0.13951853
-0.05213063
0.02265638
0.061633315
0.06480018
0.032612782
-0.0033638084
-0.023871483
-0.028910242
-0.018480087
-0.0015445459
0.008838396
0.012558077
0.0096145
0.0021264942
-0.0030197366
-0.005294485
-0.004697751
-0.001615222
0.0008904173
0.0021596174
0.0021923785
0.0010240693
-0.00017813932
-0.0008483461
-0.0009865512
-0.00059275446
-2.251768e-5
0.00031913165
0.00043177078
0.0003153997
5.813018e-5
-0.00011211222
-0.00018367634
-0.00015656221
-4.841753e-5
3.487131e-5
7.5656586e-5
7.393829e-5
3.1878008e-5
-8.238344e-6
-3.0063813e-5
-3.35984e-5
-1.8856637e-5
2.3719345e-7
1.1459378e-5
1.4809916e-5
1.0288808e-5
1.5000542e-6
-4.123095e-6
-6.355389e-6
-5.1968286e-6
-1.426396e-6
1.3386249e-6
2.6427042e-6
2.4858423e-6
9.841368e-7
-3.53138e-7
-1.0615903e-6
-1.1412201e-6
-5.965242e-7
4.1855664e-8
4.0966566e-7
5.069058e-7
3.3357603e-7
3.504961e-8
-1.5039898e-7
-2.1932894e-7
-1.717403e-7
-4.1071495e-8
5.0594668e-8
9.205028e-8
8.329535e-8
3.0076258e-8
-1.4452962e-8
-3.7362945e-8
-3.8653695e-8
-1.8754736e-8
2.575599e-9
1.4599088e-8
1.731573e-8
1.0725525e-8
6.3241484e-10
-5.4717826e-9
-7.557454e-9
-5.624601e-9
-1.0886957e-9
1.9482753e-9
3.2263272e-9
2.7454599e-9
7.867577e-10
-7.166083e-10
-1.3975078e-9
-1.2559408e-9
-3.2911548e-10
4.5504187e-10
6.948348e-10
3.902634e-10
-4.5867243e-10
-0.0017735383
0.0015090223
0.0026867024
0.0017595018
-0.0012725793
-0.0048563145
-0.005403722
-0.0027709305
0.0030420609
0.01061572
0.012475327
0.0075340522
-0.0042081033
-0.02174618
-0.029224113
-0.021170447
0.0024148182
0.04141755
0.06696197
0.056677897
0.010565344
-0.07137569
-0.14895113
-0.14820385
-0.0675261
0.09308213
0.29945847
0.41115764
0.41299632
0.3049746
0.09984973
-0.06341798
-0.14676735
-0.1501984
-0.07473974
0.00837496
0.05568548
0.06719182
0.042893965
0.0035611384
-0.020550298
-0.029183934
-0.022339769
-0.004940067
0.007017811
0.012303298
0.010916396
0.003753326
-0.0020691557
-0.0050184545
-0.005094571
-0.0023796929
0.0004139558
0.0019713577
0.0022925131
0.001377422
5.2325708e-5
-0.0007415871
-0.001003334
-0.00073291484
-0.00013508087
0.00026052247
0.00042682068
0.0003638138
0.00011251096
-8.103274e-5
-0.00017580813
-0.00017181522
-7.4077e-5
1.9143978e-5
6.986124e-5
7.807479e-5
4.3818396e-5
-5.5118187e-7
-2.6628903e-5
-3.4414767e-5
-2.3908773e-5
-3.4857735e-6
9.581104e-6
1.4768431e-5
1.2076209e-5
3.3146093e-6
-3.1106497e-6
-6.141024e-6
-5.7765137e-6
-2.286903e-6
8.206098e-7
2.4668866e-6
2.6519274e-6
1.3861822e-6
-9.726273e-8
-9.519668e-7
-1.17793e-6
-7.7515233e-7
-8.144706e-8
3.494919e-7
5.0966895e-7
3.9908412e-7
9.5440505e-8
-1.17570124e-7
-2.1390323e-7
-1.9355883e-7
-6.9890156e-8
3.358529e-8
8.682271e-8
8.982211e-8
4.35816e-8
-5.9850875e-9
-3.3924852e-8
-4.023769e-8
-2.4923603e-8
-1.4695837e-9
1.2715137e-8
1.756175e-8
1.30702515e-8
2.5298732e-9
-4.527334e-9
-7.497227e-9
-6.379804e-9
-1.8282402e-9
1.6652294e-9
3.24748e-9
2.9185114e-9
7.647871e-10
-1.0574104e-9
-1.614633e-9
-9.0688046e-10
1.065847e-9
0.00076304766
-0.00064924237
-0.0011559275
-0.0007570079
0.0005475165
0.0020893835
0.0023248952
0.0011921516
-0.0013088472
-0.0045673447
-0.005367326
-0.0032411818
0.0018110888
0.009356988
0.012572666
0.009103413
-0.0010507697
-0.017840637
-0.028806785
-0.024296876
-0.0043109064
0.031151121
0.064282306
0.06231796
0.024545796
-0.04903418
-0.13759515
-0.15551576
-0.093539655
0.04833318
0.25735226
0.39463222
0.42213234
0.33985266
0.14947872
-0.03226497
-0.1341638
-0.15621778
-0.09842689
-0.0076220157
0.047974132
0.067783386
0.051805753
0.011434187
-0.01630418
-0.02856111
-0.0253366
-0.00871031
0.0048035686
0.011648699
0.01182508
0.0055234786
-0.00096088415
-0.0045757783
-0.0053212037
-0.003197161
-0.000121452234
0.0017213152
0.0023288608
0.0017011848
0.00031353915
-0.00060470455
-0.000990703
-0.0008444563
-0.0002611517
0.0001880869
0.00040807217
0.00039880414
0.00017194178
-4.4435514e-5
-0.00016215649
-0.00018122114
-0.00010170786
1.2793605e-6
6.180894e-5
7.988088e-5
5.5495188e-5
8.090907e-6
-2.2238915e-5
-3.4279336e-5
-2.803036e-5
-7.693614e-6
7.2201988e-6
1.4254068e-5
1.3407995e-5
5.3081817e-6
-1.9047357e-6
-5.7259454e-6
-6.155448e-6
-3.2174985e-6
2.257587e-7
2.2096315e-6
2.7341196e-6
1.7992235e-6
1.890486e-7
-8.1121345e-7
-1.183004e-6
-9.26323e-7
-2.2152909e-7
2.7289465e-7
4.964956e-7
4.4927373e-7
1.622236e-7
-7.795557e-8
-2.0152613e-7
-2.084881e-7
-1.0115823e-7
1.389212e-8
7.874373e-8
9.33966e-8
5.785073e-8
3.4110834e-9
-2.9513389e-8
-4.076297e-8
-3.0337652e-8
-5.8721454e-9
1.0508496e-8
1.740198e-8
1.4808306e-8
4.243569e-9
-3.865201e-9
-7.537798e-9
-6.7742225e-9
-1.7751645e-9
2.454379e-9
3.7477608e-9
2.1049806e-9
-2.4739613e-9
-0.0003281957
0.0002792467
0.00049717794
0.0003255979
-0.00023549331
-0.0008986683
-0.0009999643
-0.00051275763
0.0005629517
0.0019644697
0.002308547
0.0013940585
-0.000778996
-0.0040245885
-0.005407619
-0.00391527
0.0004524583
0.007674378
0.012390007
0.0104465615
0.0018440415
-0.013417553
-0.027657095
-0.02674131
-0.010362951
0.021477979
0.05955914
0.065966465
0.036601137
-0.028536847
-0.12167882
-0.15820417
-0.114935294
0.008127789
0.20930105
0.37196574
0.42497176
0.36831912
0.20200782
0.0027646779
-0.117635354
-0.15824504
-0.1190644
-0.02577377
0.03816567
0.06633383
0.058730714
0.020166606
-0.011160831
-0.027025718
-0.027428057
-0.01281021
0.002229808
0.010614171
0.012342878
0.0074159307
0.00028166693
-0.0039927214
-0.0054019447
-0.003946003
-0.0007272716
0.001402652
0.0022979993
0.0019587704
0.000605758
-0.00043627966
-0.0009465496
-0.00092505175
-0.00039882996
0.00010307102
0.00037613235
0.00042035402
0.00023591789
-2.9675589e-6
-0.00014336979
-0.00018528882
-0.00012872464
-1.8767376e-5
5.1584586e-5
7.951311e-5
6.501821e-5
1.784583e-5
-1.6747714e-5
-3.3063225e-5
-3.1100702e-5
-1.23126665e-5
4.418156e-6
1.3281697e-5
1.4277955e-5
7.4631935e-6
-5.2366175e-7
-5.1253814e-6
-6.3419657e-6
-4.173414e-6
-4.3851034e-7
1.8816614e-6
2.7440535e-6
2.1486655e-6
5.138509e-7
-6.329966e-7
-1.1516532e-6
-1.0421192e-6
-3.7628803e-7
1.8082294e-7
4.6745276e-7
4.836015e-7
2.3464298e-7
-3.2223664e-8
-1.8265112e-7
-2.1663939e-7
-1.3418848e-7
-7.912226e-9
6.84582e-8
9.455231e-8
7.037013e-8
1.36208165e-8
-2.437513e-8
-4.0365006e-8
-3.4348812e-8
-9.84323e-9
8.965581e-9
1.7484405e-8
1.5713242e-8
4.1176076e-9
-5.693089e-9
-8.693171e-9
-4.882637e-9
5.7385114e-9
0.0001414714
-0.00012037155
-0.00021431255
-0.0001403516
0.000101511294
0.0003873782
0.0004310427
0.0002210283
-0.00024266494
-0.0008468005
-0.0009951177
-0.0006009196
0.0003357936
0.001734833
0.0023309963
0.0016876995
-0.00019505752
-0.0033081414
-0.005340807
-0.004502912
-0.0007944573
0.005784558
0.011922177
0.011524399
0.004458745
-0.0092747845
-0.025689552
-0.028396053
-0.015622451
0.012631257
0.05291896
0.06770371
0.046704136
-0.010079756
-0.10162025
-0.15674746
-0.13204005
-0.027498046
0.15687858
0.3443029
0.4229125
0.3917594
0.25084355
0.042308766
-0.09687792
-0.15618055
-0.13559914
-0.045995187
0.026381856
0.06295815
0.0637337
0.029733812
-0.0052061398
-0.024681136
-0.028691176
-0.01723626
-0.0006535762
0.009281576
0.012556903
0.009172407
0.0016904874
-0.003260496
-0.0053417133
-0.0045531653
-0.0014080836
0.0010141351
0.0022002582
0.002150286
0.0009270815
-0.00023958903
-0.000874321
-0.0009771144
-0.00054839195
6.898105e-6
0.0003332636
0.00043070453
0.00029922088
4.362483e-5
-0.00011990855
-0.00018482852
-0.00015113506
-4.1482694e-5
3.8930117e-5
7.685558e-5
7.229369e-5
2.8620838e-5
-1.027002e-5
-3.087335e-5
-3.3189157e-5
-1.734822e-5
1.2172536e-6
1.1913967e-5
1.4741921e-5
9.701115e-6
1.0193188e-6
-4.3739287e-6
-6.378562e-6
-4.9945806e-6
-1.1944483e-6
1.4714028e-6
2.6770222e-6
2.4224098e-6
8.746829e-7
-4.2032354e-7
-1.0865956e-6
-1.1241334e-6
-5.4542846e-7
7.4904015e-8
4.245732e-7
5.0357903e-7
3.1192158e-7
1.8391997e-8
-1.5913132e-7
-2.1978718e-7
-1.635756e-7
-3.1661635e-8
5.6660074e-8
9.38286e-8
7.9843936e-8
2.2880624e-8
-2.0840526e-8
-4.064256e-8
-3.652549e-8
-9.5713935e-9
1.3233605e-8
2.0207306e-8
1.1349707e-8
-1.333919e-8
-6.0959366e-5
5.1867537e-5
9.234627e-5
6.047685e-5
-4.374074e-5
-0.00016691946
-0.00018573427
-9.524005e-5
0.00010456319
0.00036488238
0.00042879154
0.00025893343
-0.00014469193
-0.00074753154
-0.0010044153
-0.0007272214
8.405031e-5
0.0014254643
0.0023013286
0.0019402768
0.00034230933
-0.002492574
-0.005137226
-0.004965695
-0.0019208955
0.0039971727
0.011070201
0.012234034
0.006724978
-0.0054569663
-0.022822695
-0.029152052
-0.020002339
0.0046264445
0.04427846
0.06738713
0.054693397
0.0061972747
-0.07810124
-0.1513381
-0.14524224
-0.05923507
0.106683396
0.3103432
0.41469198
0.40918726
0.29382902
0.086435184
-0.07150554
-0.14952347
-0.14761864
-0.06810559
0.012634509
0.057568386
0.06669604
0.040017467
0.0014923338
-0.02158643
-0.029190335
-0.021319382
-0.003928234
0.0075797215
0.012417091
0.010583874
0.0032730603
-0.002357417
-0.0051145684
-0.0049983948
-0.0021550222
0.0005569328
0.002032383
0.0022713286
0.0012747515
-1.6034917e-5
-0.0007746802
-0.0010011841
-0.0006955469
-0.00010140708
0.00027873064
0.00042963884
0.0003513175
9.6427626e-5
-9.04941e-5
-0.00017865284
-0.00016804862
-6.65299e-5
2.3872935e-5
7.176593e-5
7.714908e-5
4.03264e-5
-2.8295385e-6
-2.7694336e-5
-3.426799e-5
-2.2550501e-5
-2.3694338e-6
1.0167314e-5
1.4827137e-5
1.1610036e-5
2.7765268e-6
-3.4203151e-6
-6.222809e-6
-5.630956e-6
-2.0332236e-6
9.770533e-7
2.5258205e-6
2.613078e-6
1.267863e-6
-1.741164e-7
-9.869317e-7
-1.1705829e-6
-7.2507004e-7
-4.275269e-8
3.69905e-7
5.109012e-7
3.8023586e-7
7.359832e-8
-1.3170785e-7
-2.1810709e-7
-1.8559936e-7
-5.318662e-8
4.844436e-8
9.447472e-8
8.490447e-8
2.224896e-8
-3.0761868e-8
-4.697242e-8
-2.6382697e-8
3.1007303e-8
2.6234133e-5
-2.2321425e-5
-3.974163e-5
-2.602648e-5
1.8824021e-5
7.183453e-5
7.993157e-5
4.098698e-5
-4.4999233e-5
-0.00015702876
-0.00018453234
-0.000111433146
6.226882e-5
0.0003217035
0.0004322546
0.00031296295
-3.6171466e-5
-0.00061345496
-0.0009903869
-0.0008350064
-0.00014731352
0.0010726918
0.0022108287
0.002137004
0.00082665036
-0.0017202318
-0.00476414
-0.005264897
-0.0028938344
0.0023490475
0.009822724
0.012544795
0.008602782
-0.0020033151
-0.01907676
-0.028993629
-0.02344185
-0.002421419
0.03406766
0.06525851
0.060898166
0.020730235
-0.055245277
-0.14131291
-0.15389742
-0.08656992
0.06066957
0.27000824
0.39999756
0.42017654
0.33054522
0.13489713
-0.041579947
-0.1381889
-0.15492971
-0.09180242
-0.0028465118
0.050380517
0.06781441
0.049455162
0.009090416
-0.017614286
-0.028835787
-0.024574086
-0.00759854
0.005474718
0.01187633
0.0116062965
0.0050039175
-0.0012932466
-0.0047192387
-0.0052740593
-0.0029599888
3.7235368e-5
0.00179882
0.002324765
0.0016150704
0.00023546869
-0.00064721686
-0.000997628
-0.00081576454
-0.00022390642
0.00021012868
0.00041483465
0.00039021147
0.00015448345
-5.543332e-5
-0.00016664159
-0.00017914135
-9.363852e-5
6.5702316e-6
6.430667e-5
7.95708e-5
5.2362608e-5
5.5018613e-6
-2.3608658e-5
-3.442884e-5
-2.6958682e-5
-6.4471374e-6
7.942024e-6
1.4449459e-5
1.3075166e-5
4.7211765e-6
-2.2687327e-6
-5.864994e-6
-6.067607e-6
-2.9439973e-6
4.0430092e-7
2.2916704e-6
2.7181113e-6
1.6836237e-6
9.92724e-8
-8.5892503e-7
-1.1863203e-6
-8.8291347e-7
-1.7089643e-7
3.0582765e-7
5.06448e-7
4.3096455e-7
1.2350014e-7
-1.1248854e-7
-2.1937174e-7
-1.9714948e-7
-5.1662422e-8
7.142953e-8
1.0907068e-7
6.126103e-8
-7.199943e-8
-1.128194e-5
9.599287e-6
1.7090813e-5
1.1192639e-5
-8.095235e-6
-3.0892308e-5
-3.437442e-5
-1.7626375e-5
1.9351835e-5
6.752992e-5
7.9357786e-5
4.7921618e-5
-2.6778589e-5
-0.000138348
-0.00018589028
-0.00013458914
1.5555474e-5
0.00026381516
0.00042591404
0.00035909296
6.335187e-5
-0.0004613092
-0.00095076277
-0.00091901433
-0.00035549878
0.00073978386
0.002048811
0.002264156
0.0012444756
-0.0010102303
-0.004224282
-0.005394826
-0.0036993804
0.0008620547
0.008204849
0.012468365
0.01007698
0.0010306921
-0.014670498
-0.02806991
-0.02611954
-0.008708814
0.024162268
0.061107155
0.06511956
0.033352826
-0.03419303
-0.12666486
-0.15787964
-0.109277815
0.019140594
0.22358565
0.37898907
0.4247117
0.36075357
0.18711461
-0.007676873
-0.122776605
-0.15807931
-0.113584995
-0.020369567
0.04118051
0.06695602
0.056956977
0.017588783
-0.012716055
-0.027552124
-0.026919425
-0.011604732
0.003000592
0.010946535
0.012233095
0.0068655657
-8.6414126e-5
-0.0041723563
-0.0053922613
-0.0037461289
-0.00054616394
0.0015012113
0.002313984
0.0018921541
0.00051934767
-0.00048739053
-0.0009622031
-0.0009050899
-0.00035832214
0.00012857681
0.0003865228
0.00041551582
0.00021719321
-1.5239559e-5
-0.00014915841
-0.00018456332
-0.00012145432
-1.2761489e-5
5.475995e-5
7.985721e-5
6.253028e-5
1.4954044e-5
-1.8421411e-5
-3.3515313e-5
-3.0327661e-5
-1.0950702e-5
5.262293e-6
1.360377e-5
1.4073728e-5
6.82856e-6
-9.377702e-7
-5.315497e-6
-6.304621e-6
-3.9051415e-6
-2.3026092e-7
1.9922645e-6
2.7516533e-6
2.0479054e-6
3.963918e-7
-7.093629e-7
-1.1746989e-6
-9.996162e-7
-2.8645684e-7
2.6091556e-7
5.0882966e-7
4.572854e-7
1.1983026e-7
-1.6567978e-7
-2.529879e-7
-1.4209408e-7
1.6700166e-7
4.8606626e-6
-4.1357157e-6
-7.3633328e-6
-4.8221887e-6
3.4877166e-6
1.3309509e-5
1.4809729e-5
7.5940716e-6
-8.3374625e-6
-2.9094303e-5
-3.419017e-5
-2.0646345e-5
1.1537172e-5
5.9605256e-5
8.0088175e-5
5.7985806e-5
-6.7018536e-6
-0.00011366099
-0.00018349898
-0.00015471007
-2.7294249e-5
0.00019874847
0.00040962256
0.0003959442
0.00015316154
-0.00031872536
-0.000882701
-0.00097547914
-0.000536164
0.00043524444
0.0018199733
0.0023242822
0.0015938154
-0.0003714267
-0.0035349815
-0.005371805
-0.0043413457
-0.00044360483
0.0063214186
0.012093759
0.011250258
0.0037432627
-0.010427227
-0.026341487
-0.028010402
-0.014204043
0.015077592
0.055022225
0.067416385
0.044030797
-0.015134545
-0.107767716
-0.15757547
-0.12756713
-0.017742697
0.17189783
0.35279644
0.4240749
0.38562793
0.23745555
0.030533928
-0.10327285
-0.15722412
-0.1313199
-0.040016226
0.029950587
0.06412449
0.06250548
0.026916023
-0.0069920924
-0.02543654
-0.028417319
-0.01594672
0.00020184822
0.009692856
0.012526303
0.008702189
0.0012686868
-0.0034873479
-0.0053754044
-0.004395482
-0.001206445
0.0011322126
0.0022352042
0.0021025294
0.00083238445
-0.00029868478
-0.0008978949
-0.0009652458
-0.00050454115
3.5401594e-5
0.00034649592
0.00042874177
0.00028213917
2.964502e-5
-0.0001272077
-0.00018550879
-0.00014525822
-3.473834e-5
4.2793054e-5
7.785628e-5
7.0451344e-5
2.5438549e-5
-1.222434e-5
-3.160164e-5
-3.269336e-5
-1.5862786e-5
2.178446e-6
1.2347933e-5
1.4645673e-5
9.071668e-6
5.3489754e-7
-4.628043e-6
-6.3921075e-6
-4.7572967e-6
-9.208207e-7
1.6478544e-6
2.728833e-6
2.3221146e-6
6.65441e-7
-6.0610853e-7
-1.1820144e-6
-1.0622769e-6
-2.7836643e-7
3.8487516e-7
5.8769245e-7
3.3008544e-7
-3.879459e-7
-2.095125e-6
1.782646e-6
3.173868e-6
2.0785412e-6
-1.5033345e-6
-5.7368893e-6
-6.383539e-6
-3.2733249e-6
3.5937535e-6
1.2540718e-5
1.4737224e-5
8.899336e-6
-4.9729465e-6
-2.5692063e-5
-3.4520956e-5
-2.499402e-5
2.888746e-6
4.899208e-5
7.9094825e-5
6.6685745e-5
1.1764827e-5
-8.566792e-5
-0.00017656243
-0.00017066655
-6.601827e-5
0.00013738239
0.00038047667
0.00042046746
0.00023110643
-0.00018760645
-0.00078447565
-0.0010018512
-0.0006869928
0.00016009957
0.001523709
0.0023154453
0.0018712726
0.00019119057
-0.0027248005
-0.0052128662
-0.0048491484
-0.0016131068
0.0044952594
0.011354767
0.0120715685
0.006115369
-0.006513832
-0.02373592
-0.029033061
-0.018848138
0.006818849
0.046942268
0.06767619
0.052610464
0.0017450984
-0.084919915
-0.15332946
-0.1419083
-0.05059216
0.12061897
0.3207076
0.41770285
0.40485862
0.2821749
0.07337204
-0.07922781
-0.15190431
-0.14465748
-0.06160223
0.016762685
0.059317958
0.06606359
0.03702807
-0.0004951377
-0.0225459
-0.029124217
-0.020230088
-0.0029483521
0.008108514
0.01249771
0.010219233
0.0028048707
-0.0026323793
-0.0051967674
-0.004888293
-0.0019352568
0.00069443166
0.0020875698
0.0022441573
0.0011730376
-8.230735e-5
-0.00080558896
-0.0009968072
-0.0006559621
-6.8923466e-5
0.00029575275
0.0004313004
0.00033771948
8.0765225e-5
-9.9492114e-5
-0.0001810127
-0.00016379652
-5.9143593e-5
2.8421095e-5
7.347253e-5
7.6010736e-5
3.6880334e-5
-5.0647986e-6
-2.8708442e-5
-3.4050598e-5
-2.1091259e-5
-1.2436151e-6
1.0760012e-5
1.4861391e-5
1.10605215e-5
2.1408707e-6
-3.8311946e-6
-6.3444254e-6
-5.398822e-6
-1.5471234e-6
1.4091777e-6
2.7481356e-6
2.4697506e-6
6.4719063e-7
-8.9481915e-7
-1.3663611e-6
-7.674352e-7
9.0195846e-7
9.0195846e-7
-7.674352e-7
-1.3663611e-6
-8.9481915e-7
6.4719063e-7
2.4697506e-6
2.7481356e-6
1.4091777e-6
-1.5471234e-6
-5.398822e-6
-6.3444254e-6
-3.8311946e-6
2.1408707e-6
1.10605215e-5
1.4861391e-5
1.0760012e-5
-1.2436151e-6
-2.1091259e-5
-3.4050598e-5
-2.8708442e-5
-5.0647986e-6
3.6880334e-5
7.6010736e-5
7.347253e-5
2.8421095e-5
-5.9143593e-5
-0.00016379652
-0.0001810127
-9.9492114e-5
8.0765225e-5
0.00033771948
0.0004313004
0.00029575275
-6.8923466e-5
-0.0006559621
-0.0009968072
-0.00080558896
-8.230735e-5
0.0011730376
0.0022441573
0.0020875698
0.00069443166
-0.0019352568
-0.004888293
-0.0051967674
-0.0026323793
0.0028048707
0.010219233
0.01249771
0.008108514
-0.0029483521
-0.020230088
-0.029124217
-0.0225459
-0.0004951377
0.03702807
0.06606359
0.059317958
0.016762685
-0.06160223
-0.14465748
-0.15190431
-0.07922781
0.07337204
0.2821749
0.40485862
0.41770285
0.3207076
0.12061897
-0.05059216
-0.1419083
-0.15332946
-0.084919915
0.0017450984
0.052610464
0.06767619
0.046942268
0.006818849
-0.018848138
-0.029033061
-0.02373592
-0.006513832
0.006115369
0.0120715685
0.011354767
0.0044952594
-0.0016131068
-0.0048491484
-0.0052128662
-0.0027248005
0.00019119057
0.0018712726
0.0023154453
0.001523709
0.00016009957
-0.0006869928
-0.0010018512
-0.00078447565
-0.00018760645
0.00023110643
0.00042046746
0.00038047667
0.00013738239
-6.601827e-5
-0.00017066655
-0.00017656243
-8.566792e-5
1.1764827e-5
6.6685745e-5
7.9094825e-5
4.899208e-5
2.888746e-6
-2.499402e-5
-3.4520956e-5
-2.5692063e-5
-4.9729465e-6
8.899336e-6
1.4737224e-5
1.2540718e-5
3.5937535e-6
-3.2733249e-6
-6.383539e-6
-5.7368893e-6
-1.5033345e-6
2.0785412e-6
3.173868e-6
1.782646e-6
-2.095125e-6
-3.879459e-7
3.3008544e-7
5.8769245e-7
3.8487516e-7
-2.7836643e-7
-1.0622769e-6
-1.1820144e-6
-6.0610853e-7
6.65441e-7
2.3221146e-6
2.728833e-6
1.6478544e-6
-9.208207e-7
-4.7572967e-6
-6.3921075e-6
-4.628043e-6
5.3489754e-7
9.071668e-6
1.4645673e-5
1.2347933e-5
2.178446e-6
-1.5862786e-5
-3.269336e-5
-3.160164e-5
-1.222434e-5
2.5438549e-5
7.0451344e-5
7.785628e-5
4.2793054e-5
-3.473834e-5
-0.00014525822
-0.00018550879
-0.0001272077
2.964502e-5
0.00028213917
0.00042874177
0.00034649592
3.5401594e-5
-0.00050454115
-0.0009652458
-0.0008978949
-0.00029868478
0.00083238445
0.0021025294
0.0022352042
0.0011322126
-0.001206445
-0.004395482
-0.0053754044
-0.0034873479
0.0012686868
0.008702189
0.012526303
0.009692856
0.00020184822
-0.01594672
-0.028417319
-0.02543654
-0.0069920924
0.026916023
0.06250548
0.06412449
0.029950587
-0.040016226
-0.1313199
-0.15722412
-0.10327285
0.030533928
0.23745555
0.38562793
0.4240749
0.35279644
0.17189783
-0.017742697
-0.12756713
-0.15757547
-0.107767716
-0.015134545
0.044030797
0.067416385
0.055022225
0.015077592
-0.014204043
-0.028010402
-0.026341487
-0.010427227
0.0037432627
0.011250258
0.012093759
0.0063214186
-0.00044360483
-0.0043413457
-0.005371805
-0.0035349815
-0.0003714267
0.0015938154
0.0023242822
0.0018199733
0.00043524444
-0.000536164
-0.00097547914
-0.000882701
-0.00031872536
0.00015316154
0.0003959442
0.00040962256
0.00019874847
-2.7294249e-5
-0.00015471007
-0.00018349898
-0.00011366099
-6.7018536e-6
5.7985806e-5
8.0088175e-5
5.9605256e-5
1.1537172e-5
-2.0646345e-5
-3.419017e-5
-2.9094303e-5
-8.3374625e-6
7.5940716e-6
1.4809729e-5
1.3309509e-5
3.4877166e-6
-4.8221887e-6
-7.3633328e-6
-4.1357157e-6
4.8606626e-6
1.6700166e-7
-1.4209408e-7
-2.529879e-7
-1.6567978e-7
1.1983026e-7
4.572854e-7
5.0882966e-7
2.6091556e-7
-2.8645684e-7
-9.996162e-7
-1.1746989e-6
-7.093629e-7
3.963918e-7
2.0479054e-6
2.7516533e-6
1.9922645e-6
-2.3026092e-7
-3.9051415e-6
-6.304621e-6
-5.315497e-6
-9.377702e-7
6.82856e-6
1.4073728e-5
1.360377e-5
5.262293e-6
-1.0950702e-5
-3.0327661e-5
-3.3515313e-5
-1.8421411e-5
1.4954044e-5
6.253028e-5
7.985721e-5
5.475995e-5
-1.2761489e-5
-0.00012145432
-0.00018456332
-0.00014915841
-1.5239559e-5
0.00021719321
0.00041551582
0.0003865228
0.00012857681
-0.00035832214
-0.0009050899
-0.0009622031
-0.00048739053
0.00051934767
0.0018921541
0.002313984
0.0015012113
-0.00054616394
-0.0037461289
-0.0053922613
-0.0041723563
-8.6414126e-5
0.0068655657
0.012233095
0.010946535
0.003000592
-0.011604732
-0.026919425
-0.027552124
-0.012716055
0.017588783
0.056956977
0.06695602
0.04118051
-0.020369567
-0.113584995
-0.15807931
-0.122776605
-0.007676873
0.18711461
0.36075357
0.4247117
0.37898907
0.22358565
0.019140594
-0.109277815
-0.15787964
-0.12666486
-0.03419303
0.033352826
0.06511956
0.061107155
0.024162268
-0.008708814
-0.02611954
-0.02806991
-0.014670498
0.0010306921
0.01007698
0.012468365
0.008204849
0.0008620547
-0.0036993804
-0.005394826
-0.004224282
-0.0010102303
0.0012444756
0.002264156
0.002048811
0.00073978386
-0.00035549878
-0.00091901433
-0.00095076277
-0.0004613092
6.335187e-5
0.00035909296
0.00042591404
0.00026381516
1.5555474e-5
-0.00013458914
-0.00018589028
-0.000138348
-2.6778589e-5
4.7921618e-5
7.9357786e-5
6.752992e-5
1.9351835e-5
-1.7626375e-5
-3.437442e-5
-3.0892308e-5
-8.095235e-6
1.1192639e-5
1.7090813e-5
9.599287e-6
-1.128194e-5
-7.199943e-8
6.126103e-8
1.0907068e-7
7.142953e-8
-5.1662422e-8
-1.9714948e-7
-2.1937174e-7
-1.1248854e-7
1.2350014e-7
4.3096455e-7
5.06448e-7
3.0582765e-7
-1.7089643e-7
-8.8291347e-7
-1.1863203e-6
-8.5892503e-7
9.92724e-8
1.6836237e-6
2.7181113e-6
2.2916704e-6
4.0430092e-7
-2.9439973e-6
-6.067607e-6
-5.864994e-6
-2.2687327e-6
4.7211765e-6
1.3075166e-5
1.4449459e-5
7.942024e-6
-6.4471374e-6
-2.6958682e-5
-3.442884e-5
-2.3608658e-5
5.5018613e-6
5.2362608e-5
7.95708e-5
6.430667e-5
6.5702316e-6
-9.363852e-5
-0.00017914135
-0.00016664159
-5.543332e-5
0.00015448345
0.00039021147
0.00041483465
0.00021012868
-0.00022390642
-0.00081576454
-0.000997628
-0.00064721686
0.00023546869
0.0016150704
0.002324765
0.00179882
3.7235368e-5
-0.0029599888
-0.0052740593
-0.0047192387
-0.0012932466
0.0050039175
0.0116062965
0.01187633
0.005474718
-0.00759854
-0.024574086
-0.028835787
-0.017614286
0.009090416
0.049455162
0.06781441
0.050380517
-0.0028465118
-0.09180242
-0.15492971
-0.1381889
-0.041579947
0.13489713
0.33054522
0.42017654
0.39999756
0.27000824
0.06066957
-0.08656992
-0.15389742
-0.14131291
-0.055245277
0.020730235
0.060898166
0.06525851
0.03406766
-0.002421419
-0.02344185
-0.028993629
-0.01907676
-0.0020033151
0.008602782
0.012544795
0.009822724
0.0023490475
-0.0028938344
-0.005264897
-0.00476414
-0.0017202318
0.00082665036
0.002137004
0.0022108287
0.0010726918
-0.00014731352
-0.0008350064
-0.0009903869
-0.00061345496
-3.6171466e-5
0.00031296295
0.0004322546
0.0003217035
6.226882e-5
-0.000111433146
-0.00018453234
-0.00015702876
-4.4999233e-5
4.098698e-5
7.993157e-5
7.183453e-5
1.8824021e-5
-2.602648e-5
-3.974163e-5
-2.2321425e-5
2.6234133e-5
3.1007303e-8
-2.6382697e-8
-4.697242e-8
-3.0761868e-8
2.224896e-8
8.490447e-8
9.447472e-8
4.844436e-8
-5.318662e-8
-1.8559936e-7
-2.1810709e-7
-1.3170785e-7
7.359832e-8
3.8023586e-7
5.109012e-7
3.69905e-7
-4.275269e-8
-7.2507004e-7
-1.1705829e-6
-9.869317e-7
-1.741164e-7
1.267863e-6
2.613078e-6
2.5258205e-6
9.770533e-7
-2.0332236e-6
-5.630956e-6
-6.222809e-6
-3.4203151e-6
2.7765268e-6
1.1610036e-5
1.4827137e-5
1.0167314e-5
-2.3694338e-6
-2.2550501e-5
-3.426799e-5
-2.7694336e-5
-2.8295385e-6
4.03264e-5
7.714908e-5
7.176593e-5
2.3872935e-5
-6.65299e-5
-0.00016804862
-0.00017865284
-9.04941e-5
9.6427626e-5
0.0003513175
0.00042963884
0.00027873064
-0.00010140708
-0.0006955469
-0.0010011841
-0.0007746802
-1.6034917e-5
0.0012747515
0.0022713286
0.002032383
0.0005569328
-0.0021550222
-0.0049983948
-0.0051145684
-0.002357417
0.0032730603
0.010583874
0.012417091
0.0075797215
-0.003928234
-0.021319382
-0.029190335
-0.02158643
0.0014923338
0.040017467
0.06669604
0.057568386
0.012634509
-0.06810559
-0.14761864
-0.14952347
-0.07150554
0.086435184
0.29382902
0.40918726
0.41469198
0.3103432
0.106683396
-0.05923507
-0.14524224
-0.1513381
-0.07810124
0.0061972747
0.054693397
0.06738713
0.04427846
0.0046264445
-0.020002339
-0.029152052
-0.022822695
-0.0054569663
0.006724978
0.012234034
0.011070201
0.0039971727
-0.0019208955
-0.004965695
-0.005137226
-0.002492574
0.00034230933
0.0019402768
0.0023013286
0.0014254643
8.405031e-5
-0.0007272214
-0.0010044153
-0.00074753154
-0.00014469193
0.00025893343
0.00042879154
0.00036488238
0.00010456319
-9.524005e-5
-0.00018573427
-0.00016691946
-4.374074e-5
6.047685e-5
9.234627e-5
5.1867537e-5
-6.0959366e-5
-1.333919e-8
1.1349707e-8
2.0207306e-8
1.3233605e-8
-9.5713935e-9
-3.652549e-8
-4.064256e-8
-2.0840526e-8
2.2880624e-8
7.9843936e-8
9.38286e-8
5.6660074e-8
-3.1661635e-8
-1.635756e-7
-2.1978718e-7
-1.5913132e-7
1.8391997e-8
3.1192158e-7
5.0357903e-7
4.245732e-7
7.4904015e-8
-5.4542846e-7
-1.1241334e-6
-1.0865956e-6
-4.2032354e-7
8.746829e-7
2.4224098e-6
2.6770222e-6
1.4714028e-6
-1.1944483e-6
-4.9945806e-6
-6.378562e-6
-4.3739287e-6
1.0193188e-6
9.701115e-6
1.4741921e-5
1.1913967e-5
1.2172536e-6
-1.734822e-5
-3.3189157e-5
-3.087335e-5
-1.027002e-5
2.8620838e-5
7.229369e-5
7.685558e-5
3.8930117e-5
-4.1482694e-5
-0.00015113506
-0.00018482852
-0.00011990855
4.362483e-5
0.00029922088
0.00043070453
0.0003332636
6.898105e-6
-0.00054839195
-0.0009771144
-0.000874321
-0.00023958903
0.0009270815
0.002150286
0.0022002582
0.0010141351
-0.0014080836
-0.0045531653
-0.0053417133
-0.003260496
0.0016904874
0.009172407
0.012556903
0.009281576
-0.0006535762
-0.01723626
-0.028691176
-0.024681136
-0.0052061398
0.029733812
0.0637337
0.06295815
0.026381856
-0.045995187
-0.13559914
-0.15618055
-0.09687792
0.042308766
0.25084355
0.3917594
0.4229125
0.3443029
0.15687858
-0.027498046
-0.13204005
-0.15674746
-0.10162025
-0.010079756
0.046704136
0.06770371
0.05291896
0.012631257
-0.015622451
-0.028396053
-0.025689552
-0.0092747845
0.004458745
0.011524399
0.011922177
0.005784558
-0.0007944573
-0.004502912
-0.005340807
-0.0033081414
-0.00019505752
0.0016876995
0.0023309963
0.001734833
0.0003357936
-0.0006009196
-0.0009951177
-0.0008468005
-0.00024266494
0.0002210283
0.0004310427
0.0003873782
0.000101511294
-0.0001403516
-0.00021431255
-0.00012037155
0.0001414714
5.7385114e-9
-4.882637e-9
-8.693171e-9
-5.693089e-9
4.1176076e-9
1.5713242e-8
1.7484405e-8
8.965581e-9
-9.84323e-9
-3.4348812e-8
-4.0365006e-8
-2.437513e-8
1.36208165e-8
7.037013e-8
9.455231e-8
6.84582e-8
-7.912226e-9
-1.3418848e-7
-2.1663939e-7
-1.8265112e-7
-3.2223664e-8
2.3464298e-7
4.836015e-7
4.6745276e-7
1.8082294e-7
-3.7628803e-7
-1.0421192e-6
-1.1516532e-6
-6.329966e-7
5.138509e-7
2.1486655e-6
2.7440535e-6
1.8816614e-6
-4.3851034e-7
-4.173414e-6
-6.3419657e-6
-5.1253814e-6
-5.2366175e-7
7.4631935e-6
1.4277955e-5
1.3281697e-5
4.418156e-6
-1.23126665e-5
-3.1100702e-5
-3.3063225e-5
-1.6747714e-5
1.784583e-5
6.501821e-5
7.951311e-5
5.1584586e-5
-1.8767376e-5
-0.00012872464
-0.00018528882
-0.00014336979
-2.9675589e-6
0.00023591789
0.00042035402
0.00037613235
0.00010307102
-0.00039882996
-0.00092505175
-0.0009465496
-0.00043627966
0.000605758
0.0019587704
0.0022979993
0.001402652
-0.0007272716
-0.003946003
-0.0054019447
-0.0039927214
0.00028166693
0.0074159307
0.012342878
0.010614171
0.002229808
-0.01281021
-0.027428057
-0.027025718
-0.011160831
0.020166606
0.058730714
0.06633383
0.03816567
-0.02577377
-0.1190644
-0.15824504
-0.117635354
0.0027646779
0.20200782
0.36831912
0.42497176
0.37196574
0.20930105
0.008127789
-0.114935294
-0.15820417
-0.12167882
-0.028536847
0.036601137
0.065966465
0.05955914
0.021477979
-0.010362951
-0.02674131
-0.027657095
-0.013417553
0.0018440415
0.0104465615
0.012390007
0.007674378
0.0004524583
-0.00391527
-0.005407619
-0.0040245885
-0.000778996
0.0013940585
0.002308547
0.0019644697
0.0005629517
-0.00051275763
-0.0009999643
-0.0008986683
-0.00023549331
0.0003255979
0.00049717794
0.0002792467
-0.0003281957
-2.4739613e-9
2.1049806e-9
3.7477608e-9
2.454379e-9
-1.7751645e-9
-6.7742225e-9
-7.537798e-9
-3.865201e-9
4.243569e-9
1.4808306e-8
1.740198e-8
1.0508496e-8
-5.8721454e-9
-3.0337652e-8
-4.076297e-8
-2.9513389e-8
3.4110834e-9
5.785073e-8
9.33966e-8
7.874373e-8
1.389212e-8
-1.0115823e-7
-2.084881e-7
-2.0152613e-7
-7.795557e-8
1.622236e-7
4.4927373e-7
4.964956e-7
2.7289465e-7
-2.2152909e-7
-9.26323e-7
-1.183004e-6
-8.1121345e-7
1.890486e-7
1.7992235e-6
2.7341196e-6
2.2096315e-6
2.257587e-7
-3.2174985e-6
-6.155448e-6
-5.7259454e-6
-1.9047357e-6
5.3081817e-6
1.3407995e-5
1.4254068e-5
7.2201988e-6
-7.693614e-6
-2.803036e-5
-3.4279336e-5
-2.2238915e-5
8.090907e-6
5.5495188e-5
7.988088e-5
6.180894e-5
1.2793605e-6
-0.00010170786
-0.00018122114
-0.00016215649
-4.4435514e-5
0.00017194178
0.00039880414
0.00040807217
0.0001880869
-0.0002611517
-0.0008444563
-0.000990703
-0.00060470455
0.00031353915
0.0017011848
0.0023288608
0.0017213152
-0.000121452234
-0.003197161
-0.0053212037
-0.0045757783
-0.00096088415
0.0055234786
0.01182508
0.011648699
0.0048035686
-0.00871031
-0.0253366
-0.02856111
-0.01630418
0.011434187
0.051805753
0.067783386
0.047974132
-0.0076220157
-0.09842689
-0.15621778
-0.1341638
-0.03226497
0.14947872
0.33985266
0.42213234
0.39463222
0.25735226
0.04833318
-0.093539655
-0.15551576
-0.13759515
-0.04903418
0.024545796
0.06231796
0.064282306
0.031151121
-0.0043109064
-0.024296876
-0.028806785
-0.017840637
-0.0010507697
0.009103413
0.012572666
0.009356988
0.0018110888
-0.0032411818
-0.005367326
-0.0045673447
-0.0013088472
0.0011921516
0.0023248952
0.0020893835
0.0005475165
-0.0007570079
-0.0011559275
-0.00064924237
0.00076304766
1.065847e-9
-9.0688046e-10
-1.614633e-9
-1.0574104e-9
7.647871e-10
2.9185114e-9
3.24748e-9
1.6652294e-9
-1.8282402e-9
-6.379804e-9
-7.497227e-9
-4.527334e-9
2.5298732e-9
1.30702515e-8
1.756175e-8
1.2715137e-8
-1.4695837e-9
-2.4923603e-8
-4.023769e-8
-3.3924852e-8
-5.9850875e-9
4.35816e-8
8.982211e-8
8.682271e-8
3.358529e-8
-6.9890156e-8
-1.9355883e-7
-2.1390323e-7
-1.17570124e-7
9.5440505e-8
3.9908412e-7
5.0966895e-7
3.494919e-7
-8.144706e-8
-7.7515233e-7
-1.17793e-6
-9.519668e-7
-9.726273e-8
1.3861822e-6
2.6519274e-6
2.4668866e-6
8.206098e-7
-2.286903e-6
-5.7765137e-6
-6.141024e-6
-3.1106497e-6
3.3146093e-6
1.2076209e-5
1.4768431e-5
9.581104e-6
-3.4857735e-6
-2.3908773e-5
-3.4414767e-5
-2.6628903e-5
-5.5118187e-7
4.3818396e-5
7.807479e-5
6.986124e-5
1.9143978e-5
-7.4077e-5
-0.00017181522
-0.00017580813
-8.103274e-5
0.00011251096
0.0003638138
0.00042682068
0.00026052247
-0.00013508087
-0.00073291484
-0.001003334
-0.0007415871
5.2325708e-5
0.001377422
0.0022925131
0.0019713577
0.0004139558
-0.0023796929
-0.005094571
-0.0050184545
-0.0020691557
0.003753326
0.010916396
0.012303298
0.007017811
-0.004940067
-0.022339769
-0.029183934
-0.020550298
0.0035611384
0.042893965
0.06719182
0.05568548
0.00837496
-0.07473974
-0.1501984
-0.14676735
-0.06341798
0.09984973
0.3049746
0.41299632
0.41115764
0.29945847
0.09308213
-0.0675261
-0.14820385
-0.14895113
-0.07137569
0.010565344
0.056677897
0.06696197
0.04141755
0.0024148182
-0.021170447
-0.029224113
-0.02174618
-0.0042081033
0.0075340522
0.012475327
0.01061572
0.0030420609
-0.0027709305
-0.005403722
-0.0048563145
-0.0012725793
0.0017595018
0.0026867024
0.0015090223
-0.0017735383
-4.5867243e-10
3.902634e-10
6.948348e-10
4.5504187e-10
-3.2911548e-10
-1.2559408e-9
-1.3975078e-9
-7.166083e-10
7.867577e-10
2.7454599e-9
3.2263272e-9
1.9482753e-9
-1.0886957e-9
-5.624601e-9
-7.557454e-9
-5.4717826e-9
6.3241484e-10
1.0725525e-8
1.731573e-8
1.4599088e-8
2.575599e-9
-1.8754736e-8
-3.8653695e-8
-3.7362945e-8
-1.4452962e-8
3.0076258e-8
8.329535e-8
9.205028e-8
5.0594668e-8
-4.1071495e-8
-1.717403e-7
-2.1932894e-7
-1.5039898e-7
3.504961e-8
3.3357603e-7
5.069058e-7
4.0966566e-7
4.1855664e-8
-5.965242e-7
-1.1412201e-6
-1.0615903e-6
-3.53138e-7
9.841368e-7
2.4858423e-6
2.6427042e-6
1.3386249e-6
-1.426396e-6
-5.1968286e-6
-6.355389e-6
-4.123095e-6
1.5000542e-6
1.0288808e-5
1.4809916e-5
1.1459378e-5
2.3719345e-7
-1.8856637e-5
-3.35984e-5
-3.0063813e-5
-8.238344e-6
3.1878008e-5
7.393829e-5
7.5656586e-5
3.487131e-5
-4.841753e-5
-0.00015656221
-0.00018367634
-0.00011211222
5.813018e-5
0.0003153997
0.00043177078
0.00031913165
-2.251768e-5
-0.00059275446
-0.0009865512
-0.0008483461
-0.00017813932
0.0010240693
0.0021923785
0.0021596174
0.0008904173
-0.001615222
-0.004697751
-0.005294485
-0.0030197366
0.0021264942
0.0096145
0.012558077
0.008838396
-0.0015445459
-0.018480087
-0.028910242
-0.023871483
-0.0033638084
0.032612782
0.06480018
0.061633315
0.02265638
-0.05213063
-0.13951853
-0.15477137
-0.09010988
0.054465942
0.26377743
0.39742228
0.42124847
0.33525607
0.14208019
-0.037062984
-0.13629508
-0.15561609
-0.095026016
-0.004975169
0.049414393
0.06788527
0.050437458
0.00973784
-0.017505491
-0.028965965
-0.024643581
-0.0070608286
0.006433746
0.012545463
0.011274322
0.0029543273
-0.0040848833
-0.0062374356
-0.0035033294
0.0041174353
1.973639e-10
-1.6792792e-10
-2.9898312e-10
-1.958017e-10
1.4161636e-10
5.4042354e-10
6.013389e-10
3.083521e-10
-3.3853698e-10
-1.1813543e-9
-1.3882685e-9
-8.3833074e-10
4.6845905e-10
2.420231e-9
3.2519258e-9
2.3544742e-9
-2.7212418e-10
-4.6151274e-9
-7.4508515e-9
-6.281897e-9
-1.1082644e-9
8.070047e-9
1.6632445e-8
1.6077044e-8
6.21902e-9
-1.2941626e-8
-3.5841474e-8
-3.9608665e-8
-2.1770571e-8
1.7672809e-8
7.389878e-8
9.4375885e-8
6.471574e-8
-1.508163e-8
-1.4353569e-7
-2.1811842e-7
-1.762766e-7
-1.8010232e-8
2.5668066e-7
4.910599e-7
4.5679573e-7
1.5195309e-7
-4.2346798e-7
-1.0696425e-6
-1.1371393e-6
-5.76002e-7
6.137694e-7
2.236163e-6
2.7346846e-6
1.7741421e-6
-6.45464e-7
-4.42721e-6
-6.372615e-6
-4.930899e-6
-1.0206287e-7
8.113894e-6
1.4457182e-5
1.29362725e-5
3.5449084e-6
-1.3716908e-5
-3.1815187e-5
-3.255456e-5
-1.5004909e-5
2.0833762e-5
6.736775e-5
7.903479e-5
4.8241192e-5
-2.5013056e-5
-0.00013571454
-0.00018578829
-0.00013732037
9.68922e-6
0.00025505858
0.00042450684
0.00036503805
7.665221e-5
-0.0004406507
-0.0009433669
-0.00092926977
-0.0003831404
0.0006950213
0.0020214142
0.002278181
0.0012993618
-0.00091504346
-0.0041370983
-0.005403627
-0.0038028846
0.0006651301
0.007952786
0.01243969
0.010267772
0.001437035
-0.014052522
-0.027890224
-0.026454432
-0.009548441
0.022827748
0.06039196
0.06560427
0.035018306
-0.031365935
-0.12429595
-0.1581861
-0.11221824
0.013607619
0.21665742
0.37576416
0.42507622
0.3645936
0.19431628
-0.003050115
-0.12074789
-0.15835506
-0.11587164
-0.021854684
0.04093861
0.06726307
0.057118688
0.0163405
-0.014940822
-0.029104017
-0.026149087
-0.006850564
0.009475648
0.014467755
0.008125758
-0.009550344
-8.5305374e-11
7.258244e-11
1.2922761e-10
8.463015e-11
-6.120996e-11
-2.335839e-10
-2.59913e-10
-1.3327711e-10
1.4632373e-10
5.1060944e-10
6.000427e-10
3.623465e-10
-2.0247913e-10
-1.0460813e-9
-1.4055597e-9
-1.0176597e-9
1.1761855e-10
1.9947677e-9
3.2204353e-9
2.7151852e-9
4.790182e-10
-3.488066e-9
-7.1889383e-9
-6.948881e-9
-2.6880085e-9
5.593679e-9
1.5491537e-8
1.7119808e-8
9.409759e-9
-7.638608e-9
-3.194081e-8
-4.07915e-8
-2.7971684e-8
6.5186394e-9
6.203954e-8
9.427597e-8
7.6190936e-8
7.78445e-9
-1.10943496e-7
-2.1224777e-7
-1.9743798e-7
-6.567774e-8
1.8303294e-7
4.6232495e-7
4.914986e-7
2.4896175e-7
-2.652857e-7
-9.665229e-7
-1.1819957e-6
-7.668265e-7
2.7898488e-7
1.9135457e-6
2.7543958e-6
2.131252e-6
4.4114e-8
-3.507018e-6
-6.2487384e-6
-5.5913647e-6
-1.5321938e-6
5.928774e-6
1.3751281e-5
1.4070854e-5
6.4854785e-6
-9.004848e-6
-2.9117942e-5
-3.4160716e-5
-2.085099e-5
1.0811237e-5
5.865905e-5
8.030212e-5
5.9353133e-5
-4.187911e-6
-0.00011024238
-0.00018348196
-0.00015777814
-3.313091e-5
0.00019045972
0.00040774563
0.0004016525
0.00016560237
-0.0003004048
-0.00087370345
-0.000984684
-0.0005616146
0.00039550467
0.0017881539
0.0023355747
0.0016436876
-0.00028750737
-0.0034374227
-0.005376721
-0.004437805
-0.0006206764
0.006074666
0.012055122
0.011431412
0.004118491
-0.00988364
-0.026118148
-0.028313268
-0.0149751585
0.013896183
0.054185238
0.06782349
0.04555104
-0.012632125
-0.1051144
-0.1577623
-0.13028589
-0.022685146
0.16503991
0.34988785
0.42471907
0.38911012
0.24306095
0.033594444
-0.10301906
-0.15814273
-0.13177654
-0.03711004
0.035145193
0.067762025
0.060740456
0.01587638
-0.022042917
-0.033629157
-0.01888234
0.022197535
3.7341203e-11
-3.1771922e-11
-5.6567532e-11
-3.7045634e-11
2.679378e-11
1.02248e-10
1.13773185e-10
5.8340145e-11
-6.405111e-11
-2.2351196e-10
-2.6266006e-10
-1.5861197e-10
8.863233e-11
4.579071e-10
6.1526356e-10
4.4546591e-10
-5.1485833e-11
-8.731809e-10
-1.4096992e-9
-1.1885334e-9
-2.0968334e-10
1.5268509e-9
3.1468546e-9
3.0417728e-9
1.1766371e-9
-2.4485527e-9
-6.781198e-9
-7.4939495e-9
-4.118987e-9
3.343691e-9
1.3981632e-8
1.7855895e-8
1.2244203e-8
-2.8534408e-9
-2.7156918e-8
-4.1267953e-8
-3.335149e-8
-3.4075316e-9
4.8563923e-8
9.2908415e-8
8.6425636e-8
2.8749488e-8
-8.012004e-8
-2.023761e-7
-2.1514647e-7
-1.0897943e-7
1.16125015e-7
4.230815e-7
5.1740165e-7
3.3566727e-7
-1.2212163e-7
-8.376271e-7
-1.2056972e-6
-9.3292493e-7
-1.9310269e-8
1.5351468e-6
2.7352955e-6
2.4475396e-6
6.7069584e-7
-2.5952359e-6
-6.0194257e-6
-6.1593146e-6
-2.838925e-6
3.9417428e-6
1.2745961e-5
1.49533635e-5
9.127221e-6
-4.732464e-6
-2.5677156e-5
-3.51511e-5
-2.5980982e-5
1.833198e-6
4.8257018e-5
8.031659e-5
6.9065114e-5
1.4502579e-5
-8.337101e-5
-0.00017848478
-0.00017581761
-7.249005e-5
0.00013149789
0.00038245114
0.00043103125
0.0002458387
-0.00017312654
-0.0007827388
-0.0010223642
-0.00071950024
0.00012585318
0.0015046841
0.0023535818
0.0019425781
0.00027167282
-0.002659134
-0.00527697
-0.0050038137
-0.0018024368
0.0043271603
0.011433512
0.012391876
0.006548163
-0.0060976297
-0.023738923
-0.029664868
-0.01981067
0.005823679
0.046512105
0.06885548
0.054702103
0.0040519717
-0.08309491
-0.15533529
-0.14631702
-0.05577783
0.116282284
0.32205558
0.4229971
0.4103258
0.28404173
0.06619163
-0.091597036
-0.16052851
-0.14060283
-0.03590175
0.051779427
0.078373864
0.04388156
-0.051697485
-1.742003e-11
1.4821908e-11
2.63893e-11
1.7282144e-11
-1.2499557e-11
-4.769968e-11
-5.3076286e-11
-2.721624e-11
2.9880463e-11
1.0427049e-10
1.2253346e-10
7.399402e-11
-4.134784e-11
-2.1361808e-10
-2.870264e-10
-2.0781415e-10
2.4018638e-11
4.0734735e-10
6.5763833e-10
5.544623e-10
9.781931e-11
-7.1229067e-10
-1.468038e-9
-1.4190163e-9
-5.489126e-10
1.1422734e-9
3.1634944e-9
3.496e-9
1.9215471e-9
-1.5598642e-9
-6.522566e-9
-8.329947e-9
-5.712039e-9
1.3311576e-9
1.26689645e-8
1.9251898e-8
1.5558792e-8
1.5896464e-9
-2.2655538e-8
-4.3342673e-8
-4.0318394e-8
-1.3411913e-8
3.7376772e-8
9.44104e-8
1.00367906e-7
5.0839958e-8
-5.417344e-8
-1.973716e-7
-2.4137287e-7
-1.5659202e-7
5.697092e-8
3.9076113e-7
5.624694e-7
4.3521848e-7
9.008427e-9
-7.161608e-7
-1.2760418e-6
-1.1418008e-6
-3.1288607e-7
1.2107025e-6
2.8081201e-6
2.8733798e-6
1.324386e-6
-1.8388611e-6
-5.946114e-6
-6.9758885e-6
-4.2579372e-6
2.2077402e-6
1.1978642e-5
1.6398328e-5
1.2120378e-5
-8.552046e-7
-2.2512366e-5
-3.7468468e-5
-3.221954e-5
-6.7655933e-6
3.889338e-5
8.326488e-5
8.202061e-5
3.3817312e-5
-6.134503e-5
-0.00017841715
-0.00020108024
-0.00011468612
8.07652e-5
0.0003651552
0.00047694278
0.0003356538
-5.8711772e-5
-0.00070194976
-0.0010979687
-0.0009062311
-0.00012673708
0.0012405134
0.002461758
0.0023343216
0.0008408367
-0.0020186964
-0.005333875
-0.005780844
-0.0030544547
0.002845293
0.011075376
0.013837833
0.009235862
-0.0027305356
-0.02172168
-0.03211228
-0.02541034
-0.0016158473
0.03927119
0.07256705
0.06640958
0.02067283
-0.06464319
-0.1581104
-0.16865152
-0.09049405
0.07636202
0.30803087
0.44023678
0.44178194
0.31266633
0.060226895
-0.13256253
-0.18649314
-0.10156495
0.12222204
1.0774217e-11
-9.1672885e-12
-1.6321671e-11
-1.0688935e-11
7.7309235e-12
2.9502054e-11
3.2827463e-11
1.683313e-11
-1.848094e-11
-6.449086e-11
-7.578643e-11
-4.5764992e-11
2.5573467e-11
1.3212188e-10
1.7752462e-10
1.2853218e-10
-1.4855428e-11
-2.5194263e-10
-4.0674655e-10
-3.429326e-10
-6.0500834e-11
4.405488e-10
9.0797536e-10
8.776557e-10
3.3950012e-10
-7.0649137e-10
-1.956608e-9
-2.1622615e-9
-1.1884689e-9
9.647695e-10
4.03418e-9
5.1520375e-9
3.5328722e-9
-8.2331547e-10
-7.835702e-9
-1.1907218e-8
-9.623047e-9
-9.831896e-10
1.4012356e-8
2.6807262e-8
2.4936758e-8
8.2952125e-9
-2.3117378e-8
-5.839244e-8
-6.207713e-8
-3.14443e-8
3.3506048e-8
1.2207352e-7
1.4928811e-7
9.685151e-8
-3.5236276e-8
-2.4168412e-7
-3.4788496e-7
-2.6918082e-7
-5.5716747e-9
4.4294245e-7
7.892265e-7
7.0619905e-7
1.9351873e-7
-7.4881444e-7
-1.7368106e-6
-1.7771733e-6
-8.191272e-7
1.1373279e-6
3.6776466e-6
4.314558e-6
2.6335163e-6
-1.365478e-6
-7.4087397e-6
-1.0142297e-5
-7.4964037e-6
5.2894046e-7
1.3923804e-5
2.317409e-5
1.9927653e-5
4.184491e-6
-2.4055393e-5
-5.149898e-5
-5.0729406e-5
-2.0915866e-5
3.794165e-5
0.00011035026
0.00012436729
7.093289e-5
-4.995294e-5
-0.00022584696
-0.0002949871
-0.00020760047
3.6312988e-5
0.000434153
0.00067908905
0.00056050014
7.838631e-5
-0.00076725247
-0.0015225871
-0.0014437678
-0.00052005297
0.0012485574
0.003298981
0.0035754226
0.0018891478
-0.0017598432
-0.00685013
-0.008558575
-0.0057119816
0.0016896497
0.01343617
0.019860744
0.01570966
0.0009829133
-0.024319492
-0.044888522
-0.04096302
-0.012464877
0.040605906
0.09826317
0.10258782
0.049908943
-0.05977346
-0.20607454
-0.2487963
-0.16131361
0.05637351
0.39384133
0.59113425
0.5357183
0.22759357
-0.33324003
-1.5937127e-11
1.3560172e-11
2.4142873e-11
1.5810978e-11
-1.1435515e-11
-4.363918e-11
-4.8558095e-11
-2.489942e-11
2.7336846e-11
9.539432e-11
1.12102626e-10
6.7695176e-11
-3.7828046e-11
-1.9543354e-10
-2.6259286e-10
-1.9012368e-10
2.1974016e-11
3.7267134e-10
6.016559e-10
5.072629e-10
8.9492296e-11
-6.516559e-10
-1.3430692e-9
-1.2982206e-9
-5.021856e-10
1.0450358e-9
2.8941973e-9
3.198398e-9
1.7579728e-9
-1.4270786e-9
-5.9673235e-9
-7.620849e-9
-5.2257936e-9
1.217841e-9
1.1590501e-8
1.7613052e-8
1.42343275e-8
1.4543254e-9
-2.0726954e-8
-3.9653067e-8
-3.6886235e-8
-1.2270205e-8
3.4195022e-8
8.637359e-8
9.182395e-8
4.6512135e-8
-4.956185e-8
-1.8057007e-7
-2.2082565e-7
-1.432619e-7
5.212119e-8
3.5749704e-7
5.145884e-7
3.981699e-7
8.241572e-9
-6.551966e-7
-1.1674168e-6
-1.0446034e-6
-2.862512e-7
1.1076398e-6
2.569075e-6
2.6287792e-6
1.2116458e-6
-1.6823254e-6
-5.4399425e-6
-6.382056e-6
-3.895474e-6
2.019803e-6
1.0958943e-5
1.5002397e-5
1.1088614e-5
-7.824041e-7
-2.0595968e-5
-3.427891e-5
-2.9476809e-5
-6.1896626e-6
3.5582525e-5
7.617684e-5
7.503849e-5
3.0938565e-5
-5.6122954e-5
-0.00016322914
-0.000183963
-0.0001049233
7.3889954e-5
0.00033407085
0.00043634235
0.0003070808
-5.3713855e-5
-0.0006421953
-0.0010045025
-0.0008290869
-0.00011594832
0.0011349131
0.0022521976
0.0021356086
0.0007692576
-0.0018468555
-0.0048798244
-0.0052887327
-0.0027944078
0.0026031511
0.010132661
0.012659758
0.008449055
-0.0024994458
-0.019874888
-0.02937775
-0.023236552
-0.0014512985
0.035978016
0.06639968
0.0605745
0.018386913
-0.060163084
-0.14542508
-0.15147337
-0.072861984
0.0904091
0.3072953
0.36428595
0.22083302
-0.12306348
-0.64678586
-0.83615464
-0.46858302
0.45592892
1.9373813
