2.2504106
-0.9049069
-0.93735456
0.38002017
0.4642587
-0.13172203
-0.22238396
0.038611256
0.10184808
-0.007802866
-0.04493804
-0.0006534713
0.019294
0.0020588136
-0.008138626
-0.0016844725
0.003395714
0.0010991648
-0.0014026155
-0.0006560046
0.0005693655
0.00037230694
-0.00022495519
-0.00020019573
8.4440384e-5
0.00010138405
-2.8883149e-5
-4.8646663e-5
8.4507765e-6
2.2282196e-5
-1.7072975e-6
-9.831573e-6
-1.4295708e-7
4.2211545e-6
4.5042813e-7
-1.7805743e-6
-3.6853004e-7
7.429167e-7
2.4047603e-7
-3.068652e-7
-1.4352113e-7
1.2456618e-7
8.1453564e-8
-4.921586e-8
-4.3798956e-8
1.847394e-8
2.218086e-8
-6.3191137e-9
-1.0642931e-8
1.8489593e-9
4.8748907e-9
-3.7374345e-10
-2.150951e-9
-3.07645e-11
9.23596e-10
9.7385135e-11
-3.899949e-10
-7.809464e-11
1.6403462e-10
4.7320987e-11
-7.143882e-11
-2.0631306e-11
3.7038764e-11
-1.0115781e-11
-0.3017633
1.0939564
0.70889354
-0.32976106
-0.37992743
0.109319106
0.183059
-0.0318421
-0.08387477
0.0064284177
0.037008837
0.0005380415
-0.015889639
-0.0016955357
0.006702592
0.0013872525
-0.0027965514
-0.0009052207
0.0011551285
0.0005402547
-0.00046890278
-0.0003066146
0.00018526257
0.00016487185
-6.954115e-5
-8.3495164e-5
2.378681e-5
4.0063114e-5
-6.959664e-6
-1.8350574e-5
1.4060504e-6
8.096824e-6
1.1773276e-7
-3.4763455e-6
-3.7095154e-7
1.4663976e-6
3.035041e-7
-6.118314e-7
-1.9804482e-7
2.5271981e-7
1.1819729e-7
-1.0258688e-7
-6.7081345e-8
4.053188e-8
3.607077e-8
-1.5214274e-8
-1.826712e-8
5.2041265e-9
8.76502e-9
-1.5227164e-9
-4.014732e-9
3.0779762e-10
1.7714225e-9
2.5336202e-11
-7.6063045e-10
-8.0201845e-11
3.2118155e-10
6.4315095e-11
-1.3509123e-10
-3.897135e-11
5.883367e-11
1.6990978e-11
-3.050339e-11
8.330883e-12
0.10536606
-0.3853418
0.15992635
0.89556336
0.5896972
-0.20083319
-0.30601534
0.054420844
0.14096035
-0.010855176
-0.06221946
-0.00090199
0.026714087
0.0028504333
-0.011268552
-0.0023322713
0.0047016228
0.001521876
-0.0019420267
-0.0009082877
0.0007883294
0.000515487
-0.0003114674
-0.00027718607
0.00011691407
0.00014037384
-3.9990893e-5
-6.7354966e-5
1.1700736e-5
3.0851377e-5
-2.363882e-6
-1.3612553e-5
-1.9793484e-7
5.844506e-6
6.2365166e-7
-2.465339e-6
-5.1025756e-7
1.0286241e-6
3.3295717e-7
-4.2487792e-7
-1.9871581e-7
1.7247125e-7
1.1277859e-7
-6.814306e-8
-6.064295e-8
2.5578561e-8
3.071107e-8
-8.749288e-9
-1.4735939e-8
2.5600233e-9
6.749653e-9
-5.1747595e-10
-2.9781533e-9
-4.2595764e-11
1.2787881e-9
1.3483704e-10
-5.399773e-10
-1.0812791e-10
2.2711827e-10
6.5519465e-11
-9.891242e-11
-2.8565594e-11
5.1282954e-11
-1.40060585e-11
-0.04453492
0.16304396
-0.08841959
-0.3211514
0.16086517
0.83629173
0.617702
-0.13822854
-0.3023752
0.024507014
0.13399412
0.0018816604
-0.057538763
-0.0061359922
0.024270425
0.00502307
-0.010126359
-0.003277803
0.0041827317
0.0019562666
-0.0016979012
-0.001110254
0.00067083735
0.0005970024
-0.0002518091
-0.0003023367
8.613225e-5
0.00014506889
-2.5201003e-5
-6.644759e-5
5.091321e-6
2.9318668e-5
4.2631137e-7
-1.2587877e-5
-1.3432187e-6
5.309839e-6
1.098991e-6
-2.215447e-6
-7.1712196e-7
9.151006e-7
4.2799343e-7
-3.71468e-7
-2.4290213e-7
1.4676628e-7
1.3061258e-7
-5.5091018e-8
-6.61454e-8
1.8844187e-8
3.1738214e-8
-5.5137694e-9
-1.4537379e-8
1.1145379e-9
6.414336e-9
9.174261e-11
-2.7542495e-9
-2.9041156e-10
1.1630013e-9
2.3288552e-10
-4.8916654e-10
-1.411156e-10
2.1303723e-10
6.152448e-11
-1.1045305e-10
3.01662e-11
0.019009484
-0.069602005
0.038660113
0.13455041
-0.08675777
-0.3134636
0.10285021
0.7994864
0.66842127
-0.08224903
-0.3083076
-0.002936668
0.1325753
0.014058304
-0.05590759
-0.011565722
0.023324367
0.0075495304
-0.009634058
-0.004505833
0.003910754
0.0025572323
-0.0015451305
-0.0013750673
0.0005799884
0.00069636793
-0.0001983872
-0.00033413517
5.8045123e-5
0.0001530478
-1.1726768e-5
-6.752928e-5
-9.819171e-7
2.8993481e-5
3.093817e-6
-1.2230078e-5
-2.5312906e-6
5.1028082e-6
1.6517371e-6
-2.1077385e-6
-9.857913e-7
8.55597e-7
5.594731e-7
-3.3804474e-7
-3.008381e-7
1.2689037e-7
1.5235177e-7
-4.3403556e-8
-7.3102186e-8
1.2699789e-8
3.3483744e-8
-2.5670996e-9
-1.4774051e-8
-2.1130947e-10
6.3438246e-9
6.6890093e-10
-2.6787246e-9
-5.36402e-10
1.1266905e-9
3.2502961e-10
-4.9068566e-10
-1.4170848e-10
2.5440497e-10
-6.948139e-11
-0.008061187
0.029515862
-0.016435804
-0.05694316
0.03760883
0.13096052
-0.060189076
-0.31388497
0.037967984
0.76097953
0.71746397
-0.02384334
-0.3125722
-0.031393077
0.1315052
0.027093485
-0.05481976
-0.017736383
0.022639569
0.010587991
-0.009189851
-0.0060091885
0.0036308777
0.0032312467
-0.001362905
-0.0016363831
0.0004661867
0.0007851785
-0.00013639925
-0.00035964441
2.7556533e-5
0.00015868591
2.30739e-6
-6.813129e-5
-7.2701077e-6
2.8739252e-5
5.948237e-6
-1.1991002e-5
-3.8813887e-6
4.952939e-6
2.3164941e-6
-2.0105529e-6
-1.3146963e-6
7.943656e-7
7.069344e-7
-2.9817753e-7
-3.5800883e-7
1.0199327e-7
1.7178158e-7
-2.9843015e-8
-7.868288e-8
6.0323835e-9
3.4717292e-8
4.965525e-10
-1.4907245e-8
-1.5718389e-9
6.294689e-9
1.2604818e-9
-2.6475908e-9
-7.6378154e-10
1.1530539e-9
3.3299832e-10
-5.978219e-10
1.6327313e-10
0.0034092125
-0.0124827735
0.006952909
0.024076909
-0.015943406
-0.055294063
0.026224662
0.1315795
-0.03098351
-0.31242707
-0.024021741
0.71705365
0.76098275
0.038900126
-0.31356588
-0.062213704
0.12977922
0.0418289
-0.0535199
-0.02501928
0.02171982
0.014201765
-0.00858115
-0.007636628
0.003221052
0.00386738
-0.0011017723
-0.0018556681
0.00032236203
0.00084997324
-6.512631e-5
-0.00037503368
-5.453219e-6
0.00016101952
1.7181963e-5
-6.7921515e-5
-1.405789e-5
2.8339186e-5
9.173162e-6
-1.17056325e-5
-5.474735e-6
4.7516824e-6
3.1071152e-6
-1.8773806e-6
-1.6707482e-6
7.047041e-7
8.461077e-7
-2.4104796e-7
-4.0598363e-7
7.053012e-8
1.8595684e-7
-1.425676e-8
-8.2049844e-8
-1.1735378e-9
3.523135e-8
3.7148384e-9
-1.4876686e-8
-2.9789862e-9
6.257239e-9
1.8050991e-9
-2.7250942e-9
-7.869986e-10
1.4128749e-9
-3.85875e-10
-0.001447091
0.0052985
-0.002951356
-0.010219554
0.0067691905
0.023466123
-0.011167386
-0.055796362
0.013848338
0.13217524
-0.00284948
-0.3073451
-0.082113534
0.66623896
0.79867375
0.10761093
-0.31065336
-0.09669878
0.1264694
0.058891494
-0.051218
-0.033474565
0.020229517
0.018001953
-0.0075931465
-0.009116713
0.0025972507
0.004374435
-0.0007599161
-0.0020036735
0.00015352468
0.0008840808
1.2855075e-5
-0.00037957728
-4.0503677e-5
0.00016011391
3.3139186e-5
-6.680501e-5
-2.1624235e-5
2.759412e-5
1.2905797e-5
-1.1201318e-5
-7.324518e-6
4.425619e-6
3.938517e-6
-1.6612253e-6
-1.994561e-6
5.6823126e-7
9.570402e-7
-1.6626328e-7
-4.3836295e-7
3.3607993e-8
1.9341914e-7
2.7664244e-9
-8.305217e-8
-8.757127e-9
3.5069363e-8
7.022475e-9
-1.4750422e-8
-4.2552273e-9
6.423966e-9
1.855221e-9
-3.3306227e-9
9.096375e-10
0.00061966636
-0.0022688983
0.0012638196
0.0043761577
-0.0028987515
-0.010048356
0.0047836904
0.023890354
-0.0059619853
-0.05657934
0.0018176319
0.13174637
0.02413028
-0.29728046
-0.1363036
0.6065792
0.82971233
0.18409866
-0.30225787
-0.13570806
0.1200704
0.07814629
-0.047294706
-0.042066857
0.017745947
0.021305464
-0.006069773
-0.010222971
0.0017759125
0.0046825483
-0.00035878454
-0.002066081
-3.0042072e-5
0.00088706525
9.465637e-5
-0.00037418332
-7.7445686e-5
0.00015612211
5.0535447e-5
-6.4486965e-5
-3.0160614e-5
2.6177277e-5
1.7117267e-5
-1.0342592e-5
-9.204243e-6
3.8822536e-6
4.661253e-6
-1.3279463e-6
-2.236586e-6
3.8855427e-7
1.0244463e-6
-7.854127e-8
-4.5201705e-7
-6.465084e-9
1.9409143e-7
2.0465247e-8
-8.195647e-8
-1.6411397e-8
3.4471473e-8
9.944389e-9
-1.5012692e-8
-4.335618e-9
7.783605e-9
-2.1258064e-9
-0.00026815888
0.0009818594
-0.0005469146
-0.0018937694
0.0012544302
0.0043483893
-0.0020702009
-0.0103383735
0.0025814332
0.024483668
-0.00081279996
-0.05701886
-0.009958059
0.12917344
0.049955722
-0.2802784
-0.18560356
0.53593445
0.8518409
0.2693565
-0.28590706
-0.17857216
0.10965713
0.097076796
-0.04100533
-0.049202487
0.014019311
0.02361008
-0.004101564
-0.01081445
0.00082862395
0.004771661
6.9382695e-5
-0.0020486976
-0.00021861102
0.0008641849
0.00017886257
-0.0003605676
-0.00011671277
0.00014893411
6.965663e-5
-6.045702e-5
-3.953272e-5
2.3886452e-5
2.1257409e-5
-8.966153e-6
-1.0765271e-5
3.066922e-6
5.165446e-6
-8.9737495e-7
-2.365982e-6
1.8139285e-7
1.0439437e-6
1.4931258e-8
-4.4825856e-7
-4.7264955e-8
1.8928034e-7
3.7902495e-8
-7.9612654e-8
-2.2966795e-8
3.4672155e-8
1.0013209e-8
-1.7976413e-8
4.909598e-9
0.00011698365
-0.0004283337
0.00023859013
0.00082615216
-0.0005472422
-0.0018969736
0.00090312294
0.004510085
-0.0011262019
-0.010680903
0.00035566857
0.024874585
0.004324114
-0.056373395
-0.021418938
0.12300759
0.073782235
-0.25448114
-0.22775388
0.45351472
0.86218876
0.3618444
-0.26104343
-0.21999976
0.09422438
0.112386815
-0.03206805
-0.05396143
0.009375977
0.024717797
-0.0018940008
-0.010906269
-0.00015857964
0.0046825726
0.0004996646
-0.0019752102
-0.00040881435
0.0008241255
0.00026676265
-0.00034040885
-0.00015920955
0.0001381826
9.035732e-5
-5.4595683e-5
-4.858665e-5
2.0493342e-5
2.4605468e-5
-7.009861e-6
-1.1806318e-5
2.0510706e-6
5.4077686e-6
-4.1459765e-7
-2.386073e-6
-3.412739e-8
1.024555e-6
1.08030385e-7
-4.3262554e-7
-8.6631225e-8
1.8196536e-7
5.2493682e-8
-7.924785e-8
-2.2886528e-8
4.10875e-8
-1.1221544e-8
-5.1291285e-5
0.0001878022
-0.00010460944
-0.00036222502
0.00023993742
0.0008317249
-0.00039597286
-0.0019774393
0.0004937836
0.0046830224
-0.00015598485
-0.01090623
-0.0018951147
0.024717674
0.009376446
-0.053961325
-0.032068245
0.11238674
0.09422445
-0.2199997
-0.26104343
0.36184433
0.8621887
0.45351484
-0.22775368
-0.2544813
0.07378179
0.12300781
-0.021417867
-0.056373667
0.004321573
0.024874672
0.0003615867
-0.0106798755
-0.0011396148
0.0045050015
0.00093241135
-0.001879641
-0.0006084243
0.0007763944
0.0003631204
-0.0003151628
-0.00020608428
0.00012452021
0.000110814995
-4.6740606e-5
-5.6119417e-5
1.5987882e-5
2.69275e-5
-4.6780206e-6
-1.2333879e-5
9.45602e-7
5.4420843e-6
7.783674e-8
-2.3367745e-6
-2.463925e-7
9.867196e-7
1.9758593e-7
-4.150212e-7
-1.1972602e-7
1.8074614e-7
5.2198914e-8
-9.3711144e-8
2.5593764e-8
2.2440716e-5
-8.216631e-5
4.5768218e-5
0.00015847894
-0.000104976265
-0.00036389226
0.00017324415
0.0008651597
-0.00021603792
-0.0020488934
6.824739e-5
0.0047716415
0.00082911085
-0.010814391
-0.004101767
0.023610024
0.014019389
-0.049202427
-0.041005336
0.09707672
0.10965708
-0.17857204
-0.2859069
0.26935628
0.8518405
0.5359348
-0.18560253
-0.28027892
0.049953263
0.12917407
-0.009952234
-0.05701906
-0.0008263659
0.024481311
0.0026121794
-0.010326719
-0.0021373378
0.0043086577
0.0013946765
-0.0017797108
-0.00083237235
0.00072244025
0.00047240217
-0.00028543477
-0.0002540186
0.0001071424
0.00012864123
-3.664865e-5
-6.172527e-5
1.0723317e-5
2.827266e-5
-2.1675812e-6
-1.2474762e-5
-1.7842333e-7
5.3565336e-6
5.6479973e-7
-2.261834e-6
-4.529216e-7
9.513434e-7
2.7444517e-7
-4.1432014e-7
-1.1965435e-7
2.1481186e-7
-5.8667986e-8
-9.716577e-6
3.5577086e-5
-1.9817122e-5
-6.861959e-5
4.5453537e-5
0.00015756124
-7.501276e-5
-0.00037460437
9.354198e-5
0.0008871477
-2.9550418e-5
-0.002066067
-0.00035899438
0.0046825106
0.0017759956
-0.010222919
-0.00606979
0.021305382
0.017745903
-0.042066712
-0.047294557
0.07814602
0.12007
-0.13570762
-0.30225688
0.1840979
0.82970995
0.6065804
-0.13629793
-0.2972819
0.02411682
0.13174681
0.0018489804
-0.056573898
-0.006033034
0.023863422
0.0049388316
-0.009956544
-0.0032228353
0.0041125887
0.0019234606
-0.001669428
-0.0010916354
0.0006595878
0.0005869908
-0.00024758658
-0.00029726647
8.4688356e-5
0.00014263588
-2.4779634e-5
-6.533297e-5
5.0088856e-6
2.8826906e-5
4.1230382e-7
-1.2377974e-5
-1.3051493e-6
5.2266864e-6
1.0466193e-6
-2.1983813e-6
-6.341928e-7
9.574185e-7
2.764994e-7
-4.963911e-7
1.3557103e-7
4.157684e-6
-1.52232915e-5
8.479667e-6
2.9362049e-5
-1.9449386e-5
-6.741982e-5
3.2097658e-5
0.0001602917
-4.002624e-5
-0.00037960694
1.26445075e-5
0.00088406174
0.0001536122
-0.0020036274
-0.0007599404
0.004374348
0.0025972195
-0.0091165425
-0.0075930157
0.018001623
0.020229151
-0.033473957
-0.05121707
0.058890425
0.12646711
-0.09669699
-0.31064785
0.10760819
0.79866046
0.6662423
-0.0820821
-0.30734617
-0.0029226872
0.13216253
0.014014257
-0.05573347
-0.011529684
0.023251718
0.007526015
-0.00960405
-0.004491798
0.0038985729
0.002549267
-0.001540318
-0.001370784
0.0005781824
0.00069419853
-0.00019777048
-0.0003330938
5.7867226e-5
0.00015257036
-1.1697119e-5
-6.731871e-5
-9.628423e-7
2.8905955e-5
3.0478807e-6
-1.2205744e-5
-2.4441426e-6
5.133822e-6
1.4810138e-6
-2.235834e-6
-6.457018e-7
1.1592091e-6
-3.1659545e-7
-1.763575e-6
6.4573014e-6
-3.5968412e-6
-1.2454572e-5
8.249894e-6
2.8597633e-5
-1.3614943e-5
-6.799133e-5
1.6978029e-5
0.0001610188
-5.363452e-6
-0.00037499465
-6.515806e-5
0.0008498836
0.00032234576
-0.001855478
-0.0011016681
0.003866989
0.0032207307
-0.0076358584
-0.008580289
0.014200335
0.021717636
-0.025016764
-0.053514518
0.04182468
0.12976618
-0.062207237
-0.31353465
0.038892224
0.7609087
0.71705616
-0.023849271
-0.31239712
-0.031374395
0.13143134
0.027078198
-0.054788943
-0.017726408
0.022626841
0.010582037
-0.009184685
-0.0060058096
0.0036288367
0.0032294295
-0.0013621399
-0.0016354622
0.00046592747
0.00078473566
-0.00013632938
-0.00035944048
2.755724e-5
0.00015859614
2.2683598e-6
-6.8099536e-5
-7.180502e-6
2.8755509e-5
5.758155e-6
-1.2094771e-5
-3.48912e-6
5.267401e-6
1.5212088e-6
-2.7309804e-6
7.4586717e-7
7.4586717e-7
-2.7309804e-6
1.5212088e-6
5.267401e-6
-3.48912e-6
-1.2094771e-5
5.758155e-6
2.8755509e-5
-7.180502e-6
-6.8099536e-5
2.2683598e-6
0.00015859614
2.755724e-5
-0.00035944048
-0.00013632938
0.00078473566
0.00046592747
-0.0016354622
-0.0013621399
0.0032294295
0.0036288367
-0.0060058096
-0.009184685
0.010582037
0.022626841
-0.017726408
-0.054788943
0.027078198
0.13143134
-0.031374395
-0.31239712
-0.023849271
0.71705616
0.7609087
0.038892224
-0.31353465
-0.062207237
0.12976618
0.04182468
-0.053514518
-0.025016764
0.021717636
0.014200335
-0.008580289
-0.0076358584
0.0032207307
0.003866989
-0.0011016681
-0.001855478
0.00032234576
0.0008498836
-6.515806e-5
-0.00037499465
-5.363452e-6
0.0001610188
1.6978029e-5
-6.799133e-5
-1.3614943e-5
2.8597633e-5
8.249894e-6
-1.2454572e-5
-3.5968412e-6
6.4573014e-6
-1.763575e-6
-3.1659545e-7
1.1592091e-6
-6.457018e-7
-2.235834e-6
1.4810138e-6
5.133822e-6
-2.4441426e-6
-1.2205744e-5
3.0478807e-6
2.8905955e-5
-9.628423e-7
-6.731871e-5
-1.1697119e-5
0.00015257036
5.7867226e-5
-0.0003330938
-0.00019777048
0.00069419853
0.0005781824
-0.001370784
-0.001540318
0.002549267
0.0038985729
-0.004491798
-0.00960405
0.007526015
0.023251718
-0.011529684
-0.05573347
0.014014257
0.13216253
-0.0029226872
-0.30734617
-0.0820821
0.6662423
0.79866046
0.10760819
-0.31064785
-0.09669699
0.12646711
0.058890425
-0.05121707
-0.033473957
0.020229151
0.018001623
-0.0075930157
-0.0091165425
0.0025972195
0.004374348
-0.0007599404
-0.0020036274
0.0001536122
0.00088406174
1.26445075e-5
-0.00037960694
-4.002624e-5
0.0001602917
3.2097658e-5
-6.741982e-5
-1.9449386e-5
2.9362049e-5
8.479667e-6
-1.52232915e-5
4.157684e-6
1.3557103e-7
-4.963911e-7
2.764994e-7
9.574185e-7
-6.341928e-7
-2.1983813e-6
1.0466193e-6
5.2266864e-6
-1.3051493e-6
-1.2377974e-5
4.1230382e-7
2.8826906e-5
5.0088856e-6
-6.533297e-5
-2.4779634e-5
0.00014263588
8.4688356e-5
-0.00029726647
-0.00024758658
0.0005869908
0.0006595878
-0.0010916354
-0.001669428
0.0019234606
0.0041125887
-0.0032228353
-0.009956544
0.0049388316
0.023863422
-0.006033034
-0.056573898
0.0018489804
0.13174681
0.02411682
-0.2972819
-0.13629793
0.6065804
0.82970995
0.1840979
-0.30225688
-0.13570762
0.12007
0.07814602
-0.047294557
-0.042066712
0.017745903
0.021305382
-0.00606979
-0.010222919
0.0017759956
0.0046825106
-0.00035899438
-0.002066067
-2.9550418e-5
0.0008871477
9.354198e-5
-0.00037460437
-7.501276e-5
0.00015756124
4.5453537e-5
-6.861959e-5
-1.9817122e-5
3.5577086e-5
-9.716577e-6
-5.8667986e-8
2.1481186e-7
-1.1965435e-7
-4.1432014e-7
2.7444517e-7
9.513434e-7
-4.529216e-7
-2.261834e-6
5.6479973e-7
5.3565336e-6
-1.7842333e-7
-1.2474762e-5
-2.1675812e-6
2.827266e-5
1.0723317e-5
-6.172527e-5
-3.664865e-5
0.00012864123
0.0001071424
-0.0002540186
-0.00028543477
0.00047240217
0.00072244025
-0.00083237235
-0.0017797108
0.0013946765
0.0043086577
-0.0021373378
-0.010326719
0.0026121794
0.024481311
-0.0008263659
-0.05701906
-0.009952234
0.12917407
0.049953263
-0.28027892
-0.18560253
0.5359348
0.8518405
0.26935628
-0.2859069
-0.17857204
0.10965708
0.09707672
-0.041005336
-0.049202427
0.014019389
0.023610024
-0.004101767
-0.010814391
0.00082911085
0.0047716415
6.824739e-5
-0.0020488934
-0.00021603792
0.0008651597
0.00017324415
-0.00036389226
-0.000104976265
0.00015847894
4.5768218e-5
-8.216631e-5
2.2440716e-5
2.5593764e-8
-9.3711144e-8
5.2198914e-8
1.8074614e-7
-1.1972602e-7
-4.150212e-7
1.9758593e-7
9.867196e-7
-2.463925e-7
-2.3367745e-6
7.783674e-8
5.4420843e-6
9.45602e-7
-1.2333879e-5
-4.6780206e-6
2.69275e-5
1.5987882e-5
-5.6119417e-5
-4.6740606e-5
0.000110814995
0.00012452021
-0.00020608428
-0.0003151628
0.0003631204
0.0007763944
-0.0006084243
-0.001879641
0.00093241135
0.0045050015
-0.0011396148
-0.0106798755
0.0003615867
0.024874672
0.004321573
-0.056373667
-0.021417867
0.12300781
0.07378179
-0.2544813
-0.22775368
0.45351484
0.8621887
0.36184433
-0.26104343
-0.2199997
0.09422445
0.11238674
-0.032068245
-0.053961325
0.009376446
0.024717674
-0.0018951147
-0.01090623
-0.00015598485
0.0046830224
0.0004937836
-0.0019774393
-0.00039597286
0.0008317249
0.00023993742
-0.00036222502
-0.00010460944
0.0001878022
-5.1291285e-5
-1.1221544e-8
4.10875e-8
-2.2886528e-8
-7.924785e-8
5.2493682e-8
1.8196536e-7
-8.6631225e-8
-4.3262554e-7
1.08030385e-7
1.024555e-6
-3.412739e-8
-2.386073e-6
-4.1459765e-7
5.4077686e-6
2.0510706e-6
-1.1806318e-5
-7.009861e-6
2.4605468e-5
2.0493342e-5
-4.858665e-5
-5.4595683e-5
9.035732e-5
0.0001381826
-0.00015920955
-0.00034040885
0.00026676265
0.0008241255
-0.00040881435
-0.0019752102
0.0004996646
0.0046825726
-0.00015857964
-0.010906269
-0.0018940008
0.024717797
0.009375977
-0.05396143
-0.03206805
0.112386815
0.09422438
-0.21999976
-0.26104343
0.3618444
0.86218876
0.45351472
-0.22775388
-0.25448114
0.073782235
0.12300759
-0.021418938
-0.056373395
0.004324114
0.024874585
0.00035566857
-0.010680903
-0.0011262019
0.004510085
0.00090312294
-0.0018969736
-0.0005472422
0.00082615216
0.00023859013
-0.0004283337
0.00011698365
4.909598e-9
-1.7976413e-8
1.0013209e-8
3.4672155e-8
-2.2966795e-8
-7.9612654e-8
3.7902495e-8
1.8928034e-7
-4.7264955e-8
-4.4825856e-7
1.4931258e-8
1.0439437e-6
1.8139285e-7
-2.365982e-6
-8.9737495e-7
5.165446e-6
3.066922e-6
-1.0765271e-5
-8.966153e-6
2.1257409e-5
2.3886452e-5
-3.953272e-5
-6.045702e-5
6.965663e-5
0.00014893411
-0.00011671277
-0.0003605676
0.00017886257
0.0008641849
-0.00021861102
-0.0020486976
6.9382695e-5
0.004771661
0.00082862395
-0.01081445
-0.004101564
0.02361008
0.014019311
-0.049202487
-0.04100533
0.097076796
0.10965713
-0.17857216
-0.28590706
0.2693565
0.8518409
0.53593445
-0.18560356
-0.2802784
0.049955722
0.12917344
-0.009958059
-0.05701886
-0.00081279996
0.024483668
0.0025814332
-0.0103383735
-0.0020702009
0.0043483893
0.0012544302
-0.0018937694
-0.0005469146
0.0009818594
-0.00026815888
-2.1258064e-9
7.783605e-9
-4.335618e-9
-1.5012692e-8
9.944389e-9
3.4471473e-8
-1.6411397e-8
-8.195647e-8
2.0465247e-8
1.9409143e-7
-6.465084e-9
-4.5201705e-7
-7.854127e-8
1.0244463e-6
3.8855427e-7
-2.236586e-6
-1.3279463e-6
4.661253e-6
3.8822536e-6
-9.204243e-6
-1.0342592e-5
1.7117267e-5
2.6177277e-5
-3.0160614e-5
-6.4486965e-5
5.0535447e-5
0.00015612211
-7.7445686e-5
-0.00037418332
9.465637e-5
0.00088706525
-3.0042072e-5
-0.002066081
-0.00035878454
0.0046825483
0.0017759125
-0.010222971
-0.006069773
0.021305464
0.017745947
-0.042066857
-0.047294706
0.07814629
0.1200704
-0.13570806
-0.30225787
0.18409866
0.82971233
0.6065792
-0.1363036
-0.29728046
0.02413028
0.13174637
0.0018176319
-0.05657934
-0.0059619853
0.023890354
0.0047836904
-0.010048356
-0.0028987515
0.0043761577
0.0012638196
-0.0022688983
0.00061966636
9.096375e-10
-3.3306227e-9
1.855221e-9
6.423966e-9
-4.2552273e-9
-1.4750422e-8
7.022475e-9
3.5069363e-8
-8.757127e-9
-8.305217e-8
2.7664244e-9
1.9341914e-7
3.3607993e-8
-4.3836295e-7
-1.6626328e-7
9.570402e-7
5.6823126e-7
-1.994561e-6
-1.6612253e-6
3.938517e-6
4.425619e-6
-7.324518e-6
-1.1201318e-5
1.2905797e-5
2.759412e-5
-2.1624235e-5
-6.680501e-5
3.3139186e-5
0.00016011391
-4.0503677e-5
-0.00037957728
1.2855075e-5
0.0008840808
0.00015352468
-0.0020036735
-0.0007599161
0.004374435
0.0025972507
-0.009116713
-0.0075931465
0.018001953
0.020229517
-0.033474565
-0.051218
0.058891494
0.1264694
-0.09669878
-0.31065336
0.10761093
0.79867375
0.66623896
-0.082113534
-0.3073451
-0.00284948
0.13217524
0.013848338
-0.055796362
-0.011167386
0.023466123
0.0067691905
-0.010219554
-0.002951356
0.0052985
-0.001447091
-3.85875e-10
1.4128749e-9
-7.869986e-10
-2.7250942e-9
1.8050991e-9
6.257239e-9
-2.9789862e-9
-1.4876686e-8
3.7148384e-9
3.523135e-8
-1.1735378e-9
-8.2049844e-8
-1.425676e-8
1.8595684e-7
7.053012e-8
-4.0598363e-7
-2.4104796e-7
8.461077e-7
7.047041e-7
-1.6707482e-6
-1.8773806e-6
3.1071152e-6
4.7516824e-6
-5.474735e-6
-1.17056325e-5
9.173162e-6
2.8339186e-5
-1.405789e-5
-6.7921515e-5
1.7181963e-5
0.00016101952
-5.453219e-6
-0.00037503368
-6.512631e-5
0.00084997324
0.00032236203
-0.0018556681
-0.0011017723
0.00386738
0.003221052
-0.007636628
-0.00858115
0.014201765
0.02171982
-0.02501928
-0.0535199
0.0418289
0.12977922
-0.062213704
-0.31356588
0.038900126
0.76098275
0.71705365
-0.024021741
-0.31242707
-0.03098351
0.1315795
0.026224662
-0.055294063
-0.015943406
0.024076909
0.006952909
-0.0124827735
0.0034092125
1.6327313e-10
-5.978219e-10
3.3299832e-10
1.1530539e-9
-7.6378154e-10
-2.6475908e-9
1.2604818e-9
6.294689e-9
-1.5718389e-9
-1.4907245e-8
4.965525e-10
3.4717292e-8
6.0323835e-9
-7.868288e-8
-2.9843015e-8
1.7178158e-7
1.0199327e-7
-3.5800883e-7
-2.9817753e-7
7.069344e-7
7.943656e-7
-1.3146963e-6
-2.0105529e-6
2.3164941e-6
4.952939e-6
-3.8813887e-6
-1.1991002e-5
5.948237e-6
2.8739252e-5
-7.2701077e-6
-6.813129e-5
2.30739e-6
0.00015868591
2.7556533e-5
-0.00035964441
-0.00013639925
0.0007851785
0.0004661867
-0.0016363831
-0.001362905
0.0032312467
0.0036308777
-0.0060091885
-0.009189851
0.010587991
0.022639569
-0.017736383
-0.05481976
0.027093485
0.1315052
-0.031393077
-0.3125722
-0.02384334
0.71746397
0.76097953
0.037967984
-0.31388497
-0.060189076
0.13096052
0.03760883
-0.05694316
-0.016435804
0.029515862
-0.008061187
-6.948139e-11
2.5440497e-10
-1.4170848e-10
-4.9068566e-10
3.2502961e-10
1.1266905e-9
-5.36402e-10
-2.6787246e-9
6.6890093e-10
6.3438246e-9
-2.1130947e-10
-1.4774051e-8
-2.5670996e-9
3.3483744e-8
1.2699789e-8
-7.3102186e-8
-4.3403556e-8
1.5235177e-7
1.2689037e-7
-3.008381e-7
-3.3804474e-7
5.594731e-7
8.55597e-7
-9.857913e-7
-2.1077385e-6
1.6517371e-6
5.1028082e-6
-2.5312906e-6
-1.2230078e-5
3.093817e-6
2.8993481e-5
-9.819171e-7
-6.752928e-5
-1.1726768e-5
0.0001530478
5.8045123e-5
-0.00033413517
-0.0001983872
0.00069636793
0.0005799884
-0.0013750673
-0.0015451305
0.0025572323
0.003910754
-0.004505833
-0.009634058
0.0075495304
0.023324367
-0.011565722
-0.05590759
0.014058304
0.1325753
-0.002936668
-0.3083076
-0.08224903
0.66842127
0.7994864
0.10285021
-0.3134636
-0.08675777
0.13455041
0.038660113
-0.069602005
0.019009484
3.01662e-11
-1.1045305e-10
6.152448e-11
2.1303723e-10
-1.411156e-10
-4.8916654e-10
2.3288552e-10
1.1630013e-9
-2.9041156e-10
-2.7542495e-9
9.174261e-11
6.414336e-9
1.1145379e-9
-1.4537379e-8
-5.5137694e-9
3.1738214e-8
1.8844187e-8
-6.61454e-8
-5.5091018e-8
1.3061258e-7
1.4676628e-7
-2.4290213e-7
-3.71468e-7
4.2799343e-7
9.151006e-7
-7.1712196e-7
-2.215447e-6
1.098991e-6
5.309839e-6
-1.3432187e-6
-1.2587877e-5
4.2631137e-7
2.9318668e-5
5.091321e-6
-6.644759e-5
-2.5201003e-5
0.00014506889
8.613225e-5
-0.0003023367
-0.0002518091
0.0005970024
0.00067083735
-0.001110254
-0.0016979012
0.0019562666
0.0041827317
-0.003277803
-0.010126359
0.00502307
0.024270425
-0.0061359922
-0.057538763
0.0018816604
0.13399412
0.024507014
-0.3023752
-0.13822854
0.617702
0.83629173
0.16086517
-0.3211514
-0.08841959
0.16304396
-0.04453492
-1.40060585e-11
5.1282954e-11
-2.8565594e-11
-9.891242e-11
6.5519465e-11
2.2711827e-10
-1.0812791e-10
-5.399773e-10
1.3483704e-10
1.2787881e-9
-4.2595764e-11
-2.9781533e-9
-5.1747595e-10
6.749653e-9
2.5600233e-9
-1.4735939e-8
-8.749288e-9
3.071107e-8
2.5578561e-8
-6.064295e-8
-6.814306e-8
1.1277859e-7
1.7247125e-7
-1.9871581e-7
-4.2487792e-7
3.3295717e-7
1.0286241e-6
-5.1025756e-7
-2.465339e-6
6.2365166e-7
5.844506e-6
-1.9793484e-7
-1.3612553e-5
-2.363882e-6
3.0851377e-5
1.1700736e-5
-6.7354966e-5
-3.9990893e-5
0.00014037384
0.00011691407
-0.00027718607
-0.0003114674
0.000515487
0.0007883294
-0.0009082877
-0.0019420267
0.001521876
0.0047016228
-0.0023322713
-0.011268552
0.0028504333
0.026714087
-0.00090199
-0.06221946
-0.010855176
0.14096035
0.054420844
-0.30601534
-0.20083319
0.5896972
0.89556336
0.15992635
-0.3853418
0.10536606
8.330883e-12
-3.050339e-11
1.6990978e-11
5.883367e-11
-3.897135e-11
-1.3509123e-10
6.4315095e-11
3.2118155e-10
-8.0201845e-11
-7.6063045e-10
2.5336202e-11
1.7714225e-9
3.0779762e-10
-4.014732e-9
-1.5227164e-9
8.76502e-9
5.2041265e-9
-1.826712e-8
-1.5214274e-8
3.607077e-8
4.053188e-8
-6.7081345e-8
-1.0258688e-7
1.1819729e-7
2.5271981e-7
-1.9804482e-7
-6.118314e-7
3.035041e-7
1.4663976e-6
-3.7095154e-7
-3.4763455e-6
1.1773276e-7
8.096824e-6
1.4060504e-6
-1.8350574e-5
-6.959664e-6
4.0063114e-5
2.378681e-5
-8.3495164e-5
-6.954115e-5
0.00016487185
0.00018526257
-0.0003066146
-0.00046890278
0.0005402547
0.0011551285
-0.0009052207
-0.0027965514
0.0013872525
0.006702592
-0.0016955357
-0.015889639
0.0005380415
0.037008837
0.0064284177
-0.08387477
-0.0318421
0.183059
0.109319106
-0.37992743
-0.32976106
0.70889354
1.0939564
-0.3017633
-1.0115781e-11
3.7038764e-11
-2.0631306e-11
-7.143882e-11
4.7320987e-11
1.6403462e-10
-7.809464e-11
-3.899949e-10
9.7385135e-11
9.23596e-10
-3.07645e-11
-2.150951e-9
-3.7374345e-10
4.8748907e-9
1.8489593e-9
-1.0642931e-8
-6.3191137e-9
2.218086e-8
1.847394e-8
-4.3798956e-8
-4.921586e-8
8.1453564e-8
1.2456618e-7
-1.4352113e-7
-3.068652e-7
2.4047603e-7
7.429167e-7
-3.6853004e-7
-1.7805743e-6
4.5042813e-7
4.2211545e-6
-1.4295708e-7
-9.831573e-6
-1.7072975e-6
2.2282196e-5
8.4507765e-6
-4.8646663e-5
-2.8883149e-5
0.00010138405
8.4440384e-5
-0.00020019573
-0.00022495519
0.00037230694
0.0005693655
-0.0006560046
-0.0014026155
0.0010991648
0.003395714
-0.0016844725
-0.008138626
0.0020588136
0.019294
-0.0006534713
-0.04493804
-0.007802866
0.10184808
0.038611256
-0.22238396
-0.13172203
0.4642587
0.38002017
-0.93735456
-0.9049069
2.2504106
