0.2642076
0.24908459
0.23429215
0.21983029
0.205699
0.19189829
0.17842814
0.16528858
0.1524796
0.1400012
0.12785336
0.11603611
0.10454944
0.09339333
0.08256781
0.07207286
0.0619085
0.052074704
0.04257149
0.033398848
0.024556788
0.016045302
0.007864392
1.4060182e-5
-0.0075056953
-0.014694874
-0.021553475
-0.0280815
-0.03427895
-0.040145822
-0.045682117
-0.050887834
-0.055762976
-0.06030754
-0.06452153
-0.06840494
-0.071957774
-0.07518003
-0.07807171
-0.08063282
-0.082863346
-0.084763296
-0.08633267
-0.08757147
-0.08847969
-0.089057334
-0.0893044
-0.08922089
-0.08880681
-0.088062145
-0.08698691
-0.08558109
-0.08384469
-0.08177772
-0.07938018
-0.07665206
-0.073593356
-0.07020408
-0.06648423
-0.062433794
-0.058052786
-0.053341202
-0.048299044
-0.042926308
-0.037288085
-0.031774923
-0.026451914
-0.021319058
-0.016376356
-0.011623804
-0.0070614074
-0.0026891625
0.0014929296
0.0054848692
0.009286656
0.01289829
0.01631977
0.0195511
0.022592274
0.025443299
0.02810417
0.030574886
0.03285545
0.034945864
0.036846124
0.03855623
0.040076185
0.041405987
0.042545635
0.04349513
0.044254474
0.044823665
0.045202702
0.045391586
0.04539032
0.0451989
0.044817325
0.0442456
0.04348372
0.042531688
0.041389506
0.040057167
0.03853468
0.036822036
0.034919243
0.032826293
0.030543193
0.028069941
0.025406536
0.022552976
0.019509265
0.016275402
0.0128513845
0.009237215
0.005432893
0.0014384184
-0.0027462093
-0.0071209893
-0.011685923
-0.016441008
-0.021386247
-0.026521638
-0.031847183
-0.037362877
-0.043068726
-0.048964728
-0.055050883
-0.061327193
-0.055645794
-0.05049556
-0.045473237
-0.040578816
-0.035812303
-0.031173695
-0.026662994
-0.0222802
-0.01802531
-0.013898328
-0.009899252
-0.0060280827
-0.0022848197
0.0013305373
0.004817988
0.008177532
0.01140917
0.014512902
0.017488727
0.020336647
0.02305666
0.025648765
0.028112967
0.03044926
0.03265765
0.03473813
0.036690705
0.038515374
0.040212136
0.041780993
0.043221943
0.044534985
0.045720123
0.046777353
0.04770668
0.048508096
0.04918161
0.049727216
0.050144915
0.05043471
0.050596595
0.050630577
0.05053665
0.050314818
0.04996508
0.049487434
0.048881885
0.048148427
0.047287066
0.046297792
0.04518062
0.043935537
0.042562548
0.04106165
0.03943285
0.037676144
0.03579153
0.03377901
0.031638585
0.02937025
0.026974011
0.024449866
0.021797815
0.019017857
0.016138393
0.013329818
0.010620532
0.008010535
0.0054998267
0.0030884081
0.0007762786
-0.0014365619
-0.0035501134
-0.005564376
-0.007479349
-0.009295033
-0.011011428
-0.012628535
-0.014146352
-0.015564879
-0.016884118
-0.018104069
-0.01922473
-0.020246102
-0.021168184
-0.021990977
-0.02271448
-0.023338696
-0.023863623
-0.02428926
-0.024615608
-0.024842666
-0.024970436
-0.024998918
-0.02492811
-0.024758011
-0.024488626
-0.02411995
-0.023651985
-0.023084732
-0.02241819
-0.021652358
-0.020787237
-0.019822827
-0.018759128
-0.017596139
-0.016333861
-0.014972296
-0.013511441
-0.011951296
-0.010291862
-0.00853314
-0.0066751284
-0.004717828
-0.0026612377
-0.0005053589
0.0017498091
0.004104266
0.006558012
0.009111048
0.0117633715
0.0145149855
0.017365888
0.02031608
0.023365559
0.026514329
0.02976239
0.033109736
0.033109736
0.02976239
0.026514329
0.023365559
0.02031608
0.017365888
0.0145149855
0.0117633715
0.009111048
0.006558012
0.004104266
0.0017498091
-0.0005053589
-0.0026612377
-0.004717828
-0.0066751284
-0.00853314
-0.010291862
-0.011951296
-0.013511441
-0.014972296
-0.016333861
-0.017596139
-0.018759128
-0.019822827
-0.020787237
-0.021652358
-0.02241819
-0.023084732
-0.023651985
-0.02411995
-0.024488626
-0.024758011
-0.02492811
-0.024998918
-0.024970436
-0.024842666
-0.024615608
-0.02428926
-0.023863623
-0.023338696
-0.02271448
-0.021990977
-0.021168184
-0.020246102
-0.01922473
-0.018104069
-0.016884118
-0.015564879
-0.014146352
-0.012628535
-0.011011428
-0.009295033
-0.007479349
-0.005564376
-0.0035501134
-0.0014365619
0.0007762786
0.0030884081
0.0054998267
0.008010535
0.010620532
0.013329818
0.016138393
0.019017857
0.021797815
0.024449866
0.026974011
0.02937025
0.031638585
0.03377901
0.03579153
0.037676144
0.03943285
0.04106165
0.042562548
0.043935537
0.04518062
0.046297792
0.047287066
0.048148427
0.048881885
0.049487434
0.04996508
0.050314818
0.05053665
0.050630577
0.050596595
0.05043471
0.050144915
0.049727216
0.04918161
0.048508096
0.04770668
0.046777353
0.045720123
0.044534985
0.043221943
0.041780993
0.040212136
0.038515374
0.036690705
0.03473813
0.03265765
0.03044926
0.028112967
0.025648765
0.02305666
0.020336647
0.017488727
0.014512902
0.01140917
0.008177532
0.004817988
0.0013305373
-0.0022848197
-0.0060280827
-0.009899252
-0.013898328
-0.01802531
-0.0222802
-0.026662994
-0.031173695
-0.035812303
-0.040578816
-0.045473237
-0.05049556
-0.055645794
-0.061327193
-0.055050883
-0.048964728
-0.043068726
-0.037362877
-0.031847183
-0.026521638
-0.021386247
-0.016441008
-0.011685923
-0.0071209893
-0.0027462093
0.0014384184
0.005432893
0.009237215
0.0128513845
0.016275402
0.019509265
0.022552976
0.025406536
0.028069941
0.030543193
0.032826293
0.034919243
0.036822036
0.03853468
0.040057167
0.041389506
0.042531688
0.04348372
0.0442456
0.044817325
0.0451989
0.04539032
0.045391586
0.045202702
0.044823665
0.044254474
0.04349513
0.042545635
0.041405987
0.040076185
0.03855623
0.036846124
0.034945864
0.03285545
0.030574886
0.02810417
0.025443299
0.022592274
0.0195511
0.01631977
0.01289829
0.009286656
0.0054848692
0.0014929296
-0.0026891625
-0.0070614074
-0.011623804
-0.016376356
-0.021319058
-0.026451914
-0.031774923
-0.037288085
-0.042926308
-0.048299044
-0.053341202
-0.058052786
-0.062433794
-0.06648423
-0.07020408
-0.073593356
-0.07665206
-0.07938018
-0.08177772
-0.08384469
-0.08558109
-0.08698691
-0.088062145
-0.08880681
-0.08922089
-0.0893044
-0.089057334
-0.08847969
-0.08757147
-0.08633267
-0.084763296
-0.082863346
-0.08063282
-0.07807171
-0.07518003
-0.071957774
-0.06840494
-0.06452153
-0.06030754
-0.055762976
-0.050887834
-0.045682117
-0.040145822
-0.03427895
-0.0280815
-0.021553475
-0.014694874
-0.0075056953
1.4060182e-5
0.007864392
0.016045302
0.024556788
0.033398848
0.04257149
0.052074704
0.0619085
0.07207286
0.08256781
0.09339333
0.10454944
0.11603611
0.12785336
0.1400012
0.1524796
0.16528858
0.17842814
0.19189829
0.205699
0.21983029
0.23429215
0.24908459
0.2642076
