1.5221733
0.8073386
0.23864198
-0.18391658
-0.4603371
-0.59061956
-0.57476395
-0.41277033
-0.13318557
0.09270865
0.23636536
0.2977846
0.2769663
0.17391054
-0.01138273
-0.2789135
-0.3079993
-0.040130574
0.16376026
0.3036732
0.37960827
0.39156544
0.3395447
0.22354609
0.05770392
-0.073175654
-0.1549583
-0.18764399
-0.17123275
-0.10572455
0.008880576
0.17258264
0.17258264
0.008880576
-0.10572455
-0.17123275
-0.18764399
-0.1549583
-0.073175654
0.05770392
0.22354609
0.3395447
0.39156544
0.37960827
0.3036732
0.16376026
-0.040130574
-0.3079993
-0.2789135
-0.01138273
0.17391054
0.2769663
0.2977846
0.23636536
0.09270865
-0.13318557
-0.41277033
-0.57476395
-0.59061956
-0.4603371
-0.18391658
0.23864198
0.8073386
1.5221733
