0.9159991
0.7037848
0.5113519
0.33870035
0.18583019
0.052741386
-0.06056604
-0.15409209
-0.22783677
-0.2818001
-0.315982
-0.3303826
-0.32500178
-0.2998396
-0.25489604
-0.19017111
-0.109544806
-0.03629715
0.025691861
0.07642223
0.115893945
0.14410701
0.16106145
0.16675723
0.16119437
0.14437287
0.11629271
0.0769539
0.026356459
-0.035499632
-0.10861437
-0.19298775
-0.19044349
-0.11513805
-0.047898144
0.011276237
0.062385093
0.10542843
0.14040624
0.16731852
0.18616527
0.19694652
0.19966222
0.19431241
0.18089707
0.15941621
0.12986983
0.09225792
0.048367083
0.008916939
-0.024305917
-0.051301487
-0.072069764
-0.08661076
-0.09492446
-0.097010866
-0.09286999
-0.08250182
-0.06590637
-0.043083623
-0.0140335895
0.021243732
0.06274834
0.11048024
0.11048024
0.06274834
0.021243732
-0.0140335895
-0.043083623
-0.06590637
-0.08250182
-0.09286999
-0.097010866
-0.09492446
-0.08661076
-0.072069764
-0.051301487
-0.024305917
0.008916939
0.048367083
0.09225792
0.12986983
0.15941621
0.18089707
0.19431241
0.19966222
0.19694652
0.18616527
0.16731852
0.14040624
0.10542843
0.062385093
0.011276237
-0.047898144
-0.11513805
-0.19044349
-0.19298775
-0.10861437
-0.035499632
0.026356459
0.0769539
0.11629271
0.14437287
0.16119437
0.16675723
0.16106145
0.14410701
0.115893945
0.07642223
0.025691861
-0.03629715
-0.109544806
-0.19017111
-0.25489604
-0.2998396
-0.32500178
-0.3303826
-0.315982
-0.2818001
-0.22783677
-0.15409209
-0.06056604
0.052741386
0.18583019
0.33870035
0.5113519
0.7037848
0.9159991
