0.5036067
0.44571888
0.39041522
0.33769572
0.28756037
0.24000919
0.19504216
0.1526593
0.11286058
0.075646035
0.041015644
0.008969412
-0.020492662
-0.04737058
-0.07166433
-0.09337393
-0.11249937
-0.12904066
-0.14299779
-0.15437074
-0.16315955
-0.1693642
-0.17298469
-0.17402102
-0.17247319
-0.1683412
-0.16162506
-0.15232475
-0.1404403
-0.12597167
-0.1089189
-0.08928196
-0.067569
-0.046828832
-0.02756959
-0.009791276
0.0065061105
0.02132257
0.034658104
0.04651271
0.05688639
0.06577914
0.073190965
0.079121865
0.08357184
0.08654088
0.088029
0.08803619
0.08656245
0.083607785
0.079172194
0.07325567
0.06585823
0.056979857
0.04662056
0.03478033
0.021459177
0.0066570975
-0.009625911
-0.027389845
-0.046634708
-0.0673605
-0.089567214
-0.11325485
-0.105676636
-0.08569009
-0.06672093
-0.048769172
-0.031834796
-0.015917813
-0.0010182196
0.012863983
0.025728796
0.037576217
0.048406247
0.05821889
0.067014135
0.074792
0.08155247
0.08729554
0.092021234
0.09572953
0.09842043
0.10009395
0.100750074
0.10038881
0.099010155
0.09661411
0.09320067
0.088769846
0.08332162
0.07685602
0.06937302
0.060872626
0.051354848
0.040819675
0.029492823
0.018728547
0.008752556
-0.00043515055
-0.0088345725
-0.01644571
-0.02326856
-0.029303126
-0.034549408
-0.039007407
-0.042677116
-0.045558542
-0.047651686
-0.04895654
-0.049473114
-0.0492014
-0.0481414
-0.046293117
-0.04365655
-0.040231697
-0.036018558
-0.031017134
-0.025227426
-0.018649433
-0.011283155
-0.0031285912
0.005814257
0.015545391
0.02606481
0.03737251
0.0494685
0.062352773
0.062352773
0.0494685
0.03737251
0.02606481
0.015545391
0.005814257
-0.0031285912
-0.011283155
-0.018649433
-0.025227426
-0.031017134
-0.036018558
-0.040231697
-0.04365655
-0.046293117
-0.0481414
-0.0492014
-0.049473114
-0.04895654
-0.047651686
-0.045558542
-0.042677116
-0.039007407
-0.034549408
-0.029303126
-0.02326856
-0.01644571
-0.0088345725
-0.00043515055
0.008752556
0.018728547
0.029492823
0.040819675
0.051354848
0.060872626
0.06937302
0.07685602
0.08332162
0.088769846
0.09320067
0.09661411
0.099010155
0.10038881
0.100750074
0.10009395
0.09842043
0.09572953
0.092021234
0.08729554
0.08155247
0.074792
0.067014135
0.05821889
0.048406247
0.037576217
0.025728796
0.012863983
-0.0010182196
-0.015917813
-0.031834796
-0.048769172
-0.06672093
-0.08569009
-0.105676636
-0.11325485
-0.089567214
-0.0673605
-0.046634708
-0.027389845
-0.009625911
0.0066570975
0.021459177
0.03478033
0.04662056
0.056979857
0.06585823
0.07325567
0.079172194
0.083607785
0.08656245
0.08803619
0.088029
0.08654088
0.08357184
0.079121865
0.073190965
0.06577914
0.05688639
0.04651271
0.034658104
0.02132257
0.0065061105
-0.009791276
-0.02756959
-0.046828832
-0.067569
-0.08928196
-0.1089189
-0.12597167
-0.1404403
-0.15232475
-0.16162506
-0.1683412
-0.17247319
-0.17402102
-0.17298469
-0.1693642
-0.16315955
-0.15437074
-0.14299779
-0.12904066
-0.11249937
-0.09337393
-0.07166433
-0.04737058
-0.020492662
0.008969412
0.041015644
0.075646035
0.11286058
0.1526593
0.19504216
0.24000919
0.28756037
0.33769572
0.39041522
0.44571888
0.5036067
