2.1705709
-0.12078957
-1.0519799
-0.6229999
0.20837425
0.4843667
0.2049774
-0.17674355
-0.20774609
0.11196977
-0.3549732
0.58816725
0.84208965
0.40679392
-0.1748943
-0.3601495
-0.14897166
0.1313146
0.15338467
-0.082761474
0.13876721
-0.25438046
-0.23138298
0.2077597
0.63923657
0.63923657
0.2077597
-0.23138298
-0.25438046
0.13876721
-0.082761474
0.15338467
0.1313146
-0.14897166
-0.3601495
-0.1748943
0.40679392
0.84208965
0.58816725
-0.3549732
0.11196977
-0.20774609
-0.17674355
0.2049774
0.4843667
0.20837425
-0.6229999
-1.0519799
-0.12078957
2.1705709
