2.1997406
-0.28624982
-1.1269306
-0.39353096
0.34690788
0.4533236
0.04105063
-0.19790415
-0.14820631
0.05799527
0.097669795
-0.04386593
-0.34431428
0.6896137
0.87455076
0.2515101
-0.27721354
-0.34249976
-0.029547675
0.15044773
0.112287275
-0.04403223
-0.0740742
0.033272114
0.12271062
-0.2699273
-0.18017206
0.36189482
0.6944812
0.5468539
0.022725381
-0.25562957
-0.1844985
0.073887825
0.12296532
-0.055291664
-0.055291664
0.12296532
0.073887825
-0.1844985
-0.25562957
0.022725381
0.5468539
0.6944812
0.36189482
-0.18017206
-0.2699273
0.12271062
0.033272114
-0.0740742
-0.04403223
0.112287275
0.15044773
-0.029547675
-0.34249976
-0.27721354
0.2515101
0.87455076
0.6896137
-0.34431428
-0.04386593
0.097669795
0.05799527
-0.14820631
-0.19790415
0.04105063
0.4533236
0.34690788
-0.39353096
-1.1269306
-0.28624982
2.1997406
