2.2125144
-0.40007737
-1.1455516
-0.23064215
0.43236244
0.378311
-0.06443833
-0.21864681
-0.072834276
0.07460585
0.07899797
-0.017910851
-0.044493746
0.017803535
-0.33513725
0.76145023
0.8783757
0.13672426
-0.34346727
-0.28975752
0.050867982
0.16900164
0.056174945
-0.057664797
-0.06102799
0.0138399955
0.03437484
-0.013754732
0.116810806
-0.28874642
-0.14013948
0.47406182
0.7345871
0.44215432
-0.10349178
-0.28412768
-0.09237789
0.0969245
0.102042265
-0.023198824
-0.05751501
0.023016272
-0.05030425
0.1255746
0.05162707
-0.22121611
-0.22184557
0.16433287
0.6518314
0.6518314
0.16433287
-0.22184557
-0.22121611
0.05162707
0.1255746
-0.05030425
0.023016272
-0.05751501
-0.023198824
0.102042265
0.0969245
-0.09237789
-0.28412768
-0.10349178
0.44215432
0.7345871
0.47406182
-0.14013948
-0.28874642
0.116810806
-0.013754732
0.03437484
0.0138399955
-0.06102799
-0.057664797
0.056174945
0.16900164
0.050867982
-0.28975752
-0.34346727
0.13672426
0.8783757
0.76145023
-0.33513725
0.017803535
-0.044493746
-0.017910851
0.07899797
0.07460585
-0.072834276
-0.21864681
-0.06443833
0.378311
0.43236244
-0.23064215
-1.1455516
-0.40007737
2.2125144
