2.2202
-0.4846038
-1.1435665
-0.11118965
0.48551682
0.2920513
-0.12781663
-0.21031731
-0.016027233
0.091594785
0.05197227
-0.02720341
-0.038240895
0.0050654197
0.01994909
-0.007384289
-0.32858917
0.8158729
0.8718732
0.050009288
-0.3861334
-0.2259573
0.10083833
0.16455422
0.012474669
-0.07169461
-0.040669326
0.02129122
0.029927718
-0.0039643883
-0.015612426
0.0057790494
0.114432
-0.3060614
-0.10624758
0.55868995
0.7576505
0.33545074
-0.18393126
-0.27651727
-0.019829677
0.12099704
0.06844049
-0.035899773
-0.050424177
0.0066818716
0.02630593
-0.00973741
-0.048338026
0.13045514
0.034354452
-0.24886568
-0.19255885
0.29104933
0.7120912
0.5806992
0.01615763
-0.26582712
-0.14597063
0.07813518
0.10889842
-0.014484579
-0.056836035
0.021040356
0.021040356
-0.056836035
-0.014484579
0.10889842
0.07813518
-0.14597063
-0.26582712
0.01615763
0.5806992
0.7120912
0.29104933
-0.19255885
-0.24886568
0.034354452
0.13045514
-0.048338026
-0.00973741
0.02630593
0.0066818716
-0.050424177
-0.035899773
0.06844049
0.12099704
-0.019829677
-0.27651727
-0.18393126
0.33545074
0.7576505
0.55868995
-0.10624758
-0.3060614
0.114432
0.0057790494
-0.015612426
-0.0039643883
0.029927718
0.02129122
-0.040669326
-0.07169461
0.012474669
0.16455422
0.10083833
-0.2259573
-0.3861334
0.050009288
0.8718732
0.8158729
-0.32858917
-0.007384289
0.01994909
0.0050654197
-0.038240895
-0.02720341
0.05197227
0.091594785
-0.016027233
-0.21031731
-0.12781663
0.2920513
0.48551682
-0.11118965
-1.1435665
-0.4846038
2.2202
