1.7765495
0.6491637
-0.14479911
-0.60533917
-0.7324565
-0.526151
-0.14304857
0.12865913
0.28270707
0.31909525
0.23782371
0.07608617
-0.045237593
-0.11684914
-0.13874847
-0.11093557
-0.04233805
0.013478535
0.047586598
0.059986133
0.050677143
0.021431414
-0.00471783
-0.020683449
-0.026465438
-0.022063801
-0.0077157216
0.0056682318
0.012158403
0.011754793
0.004457402
-0.009733772
-0.3133123
0.09945237
0.36750975
0.4908598
0.4695026
0.30343807
0.06832001
-0.096648574
-0.18844156
-0.20705894
-0.1525007
-0.048156828
0.029955346
0.07598833
0.08994212
0.07181671
0.027379574
-0.008764557
-0.03084822
-0.03887142
-0.03283415
-0.013884122
0.00305844
0.013402699
0.017148653
0.014296304
0.004999336
-0.003672842
-0.007878157
-0.0076166093
-0.0028881987
0.0063070743
0.11565355
-0.05106196
-0.1391983
-0.14875548
-0.079733476
0.067867704
0.24159029
0.344912
0.37573454
0.3340579
0.21988206
0.060248695
-0.056956764
-0.12497391
-0.14380275
-0.11344328
-0.042832818
0.014404724
0.049332026
0.06194909
0.05225591
0.022075549
-0.0048922463
-0.021355243
-0.027313447
-0.02276685
-0.007960161
0.0058503537
0.012547157
0.012130248
0.0045996266
-0.010044707
-0.04912036
0.022411538
0.05929894
0.06154184
0.029140243
-0.037905853
-0.11045219
-0.13487333
-0.11000349
-0.03584268
0.0876091
0.235402
0.326449
0.35451266
0.31959295
0.22168992
0.0744053
-0.040650204
-0.1098748
-0.13326849
-0.11083128
-0.046351448
0.010923449
0.045840304
0.058399115
0.048599888
0.01696413
-0.012518656
-0.026810698
-0.025911998
-0.009822554
0.021457633
0.021457633
-0.009822554
-0.025911998
-0.026810698
-0.012518656
0.01696413
0.048599888
0.058399115
0.045840304
0.010923449
-0.046351448
-0.11083128
-0.13326849
-0.1098748
-0.040650204
0.0744053
0.22168992
0.31959295
0.35451266
0.326449
0.235402
0.0876091
-0.03584268
-0.11000349
-0.13487333
-0.11045219
-0.037905853
0.029140243
0.06154184
0.05929894
0.022411538
-0.04912036
-0.010044707
0.0045996266
0.012130248
0.012547157
0.0058503537
-0.007960161
-0.02276685
-0.027313447
-0.021355243
-0.0048922463
0.022075549
0.05225591
0.06194909
0.049332026
0.014404724
-0.042832818
-0.11344328
-0.14380275
-0.12497391
-0.056956764
0.060248695
0.21988206
0.3340579
0.37573454
0.344912
0.24159029
0.067867704
-0.079733476
-0.14875548
-0.1391983
-0.05106196
0.11565355
0.0063070743
-0.0028881987
-0.0076166093
-0.007878157
-0.003672842
0.004999336
0.014296304
0.017148653
0.013402699
0.00305844
-0.013884122
-0.03283415
-0.03887142
-0.03084822
-0.008764557
0.027379574
0.07181671
0.08994212
0.07598833
0.029955346
-0.048156828
-0.1525007
-0.20705894
-0.18844156
-0.096648574
0.06832001
0.30343807
0.4695026
0.4908598
0.36750975
0.09945237
-0.3133123
-0.009733772
0.004457402
0.011754793
0.012158403
0.0056682318
-0.0077157216
-0.022063801
-0.026465438
-0.020683449
-0.00471783
0.021431414
0.050677143
0.059986133
0.047586598
0.013478535
-0.04233805
-0.11093557
-0.13874847
-0.11684914
-0.045237593
0.07608617
0.23782371
0.31909525
0.28270707
0.12865913
-0.14304857
-0.526151
-0.7324565
-0.60533917
-0.14479911
0.6491637
1.7765495
