1.155145
0.7856004
0.46527278
0.19416218
-0.02773142
-0.200408
-0.32386756
-0.39811012
-0.42313564
-0.39894414
-0.32553563
-0.21112736
-0.1050227
-0.015438934
0.057623953
0.11416596
0.15418708
0.17768733
0.18466671
0.17512518
0.1490628
0.106479526
0.059103534
0.018662985
-0.014842115
-0.041411772
-0.061045986
-0.07374475
-0.07950808
-0.078335956
-0.07022839
-0.055185385
-0.034452952
-0.015507238
0.00040574168
0.013285984
0.023133488
0.029948257
0.033730287
0.034479585
0.032196138
0.02687996
0.018531043
0.00938485
0.0016768445
-0.004592975
-0.009424608
-0.012818055
-0.014773315
-0.015290389
-0.014369276
-0.012009977
-0.008212492
-0.0032857647
0.0009165386
0.0040854737
0.00622104
0.0073232385
0.007392068
0.0064275297
0.0044296226
0.0013983471
-0.0026662967
-0.0077643087
-0.21140005
-0.08712301
0.017990388
0.103940144
0.17072625
0.21834873
0.24680758
0.25610277
0.24623433
0.21720225
0.16900651
0.105195284
0.0470573
-0.0018592982
-0.041554518
-0.072028354
-0.093280815
-0.105311885
-0.10812158
-0.101709895
-0.08607683
-0.061222382
-0.033770174
-0.010343824
0.009056666
0.024431298
0.03578007
0.04310298
0.046400033
0.04567123
0.040916562
0.032136038
0.020053811
0.009014836
-0.0002567303
-0.0077608875
-0.013497635
-0.017466974
-0.019668903
-0.020103425
-0.018770535
-0.015670238
-0.010802531
-0.005470355
-0.0009766497
0.0026785848
0.0054953485
0.0074736415
0.0086134635
0.008914814
0.008377695
0.007002105
0.004788044
0.0019156314
-0.00053441845
-0.0023819862
-0.0036270723
-0.0042696763
-0.004309798
-0.0037474383
-0.0025825964
-0.00081527245
0.0015545334
0.004526821
0.078747325
0.027668277
-0.01331681
-0.04420793
-0.06500508
-0.07570827
-0.07631749
-0.066832736
-0.047254026
-0.017581346
0.022185303
0.0696806
0.110712685
0.14291623
0.16629124
0.1808377
0.18655564
0.18344505
0.17150591
0.15073824
0.12114204
0.0827173
0.042847715
0.008916973
-0.019074928
-0.041127987
-0.057242204
-0.06741758
-0.07165411
-0.0699518
-0.062310647
-0.048730653
-0.030291373
-0.013470161
0.0006534276
0.012079391
0.02080773
0.026838444
0.030171534
0.030807
0.02874484
0.023985056
0.016527647
0.008363434
0.0014832363
-0.004112946
-0.008425113
-0.011453263
-0.013197399
-0.013657519
-0.012833623
-0.010725712
-0.0073337858
-0.0029337103
0.00081931584
0.0036494262
0.0055566207
0.006540899
0.0066022617
0.005740708
0.003956239
0.0012488541
-0.0023814468
-0.0069346637
-0.03349019
-0.011527674
0.005994235
0.019075539
0.02771624
0.031916335
0.031675827
0.026994713
0.017872995
0.0043106726
-0.013692254
-0.034836322
-0.051324762
-0.06185811
-0.066436365
-0.06505953
-0.057727598
-0.04444058
-0.025198465
-1.2590091e-6
0.031151038
0.06825843
0.10457313
0.13334736
0.15458113
0.16827442
0.17442724
0.1730396
0.1641115
0.14764291
0.12363386
0.09208434
0.05462279
0.021019842
-0.007096073
-0.029724952
-0.046866797
-0.058521606
-0.064689375
-0.06537011
-0.060563814
-0.05027048
-0.03449011
-0.017318867
-0.0028529179
0.008907737
0.0179631
0.024313169
0.027957944
0.028897427
0.027131617
0.022660512
0.015484116
0.0061844415
-0.001746419
-0.0077264495
-0.011755651
-0.013834022
-0.013961563
-0.012138275
-0.008364157
-0.0026392092
0.0050365683
0.014663176
0.014663176
0.0050365683
-0.0026392092
-0.008364157
-0.012138275
-0.013961563
-0.013834022
-0.011755651
-0.0077264495
-0.001746419
0.0061844415
0.015484116
0.022660512
0.027131617
0.028897427
0.027957944
0.024313169
0.0179631
0.008907737
-0.0028529179
-0.017318867
-0.03449011
-0.05027048
-0.060563814
-0.06537011
-0.064689375
-0.058521606
-0.046866797
-0.029724952
-0.007096073
0.021019842
0.05462279
0.09208434
0.12363386
0.14764291
0.1641115
0.1730396
0.17442724
0.16827442
0.15458113
0.13334736
0.10457313
0.06825843
0.031151038
-1.2590091e-6
-0.025198465
-0.04444058
-0.057727598
-0.06505953
-0.066436365
-0.06185811
-0.051324762
-0.034836322
-0.013692254
0.0043106726
0.017872995
0.026994713
0.031675827
0.031916335
0.02771624
0.019075539
0.005994235
-0.011527674
-0.03349019
-0.0069346637
-0.0023814468
0.0012488541
0.003956239
0.005740708
0.0066022617
0.006540899
0.0055566207
0.0036494262
0.00081931584
-0.0029337103
-0.0073337858
-0.010725712
-0.012833623
-0.013657519
-0.013197399
-0.011453263
-0.008425113
-0.004112946
0.0014832363
0.008363434
0.016527647
0.023985056
0.02874484
0.030807
0.030171534
0.026838444
0.02080773
0.012079391
0.0006534276
-0.013470161
-0.030291373
-0.048730653
-0.062310647
-0.0699518
-0.07165411
-0.06741758
-0.057242204
-0.041127987
-0.019074928
0.008916973
0.042847715
0.0827173
0.12114204
0.15073824
0.17150591
0.18344505
0.18655564
0.1808377
0.16629124
0.14291623
0.110712685
0.0696806
0.022185303
-0.017581346
-0.047254026
-0.066832736
-0.07631749
-0.07570827
-0.06500508
-0.04420793
-0.01331681
0.027668277
0.078747325
0.004526821
0.0015545334
-0.00081527245
-0.0025825964
-0.0037474383
-0.004309798
-0.0042696763
-0.0036270723
-0.0023819862
-0.00053441845
0.0019156314
0.004788044
0.007002105
0.008377695
0.008914814
0.0086134635
0.0074736415
0.0054953485
0.0026785848
-0.0009766497
-0.005470355
-0.010802531
-0.015670238
-0.018770535
-0.020103425
-0.019668903
-0.017466974
-0.013497635
-0.0077608875
-0.0002567303
0.009014836
0.020053811
0.032136038
0.040916562
0.04567123
0.046400033
0.04310298
0.03578007
0.024431298
0.009056666
-0.010343824
-0.033770174
-0.061222382
-0.08607683
-0.101709895
-0.10812158
-0.105311885
-0.093280815
-0.072028354
-0.041554518
-0.0018592982
0.0470573
0.105195284
0.16900651
0.21720225
0.24623433
0.25610277
0.24680758
0.21834873
0.17072625
0.103940144
0.017990388
-0.08712301
-0.21140005
-0.0077643087
-0.0026662967
0.0013983471
0.0044296226
0.0064275297
0.007392068
0.0073232385
0.00622104
0.0040854737
0.0009165386
-0.0032857647
-0.008212492
-0.012009977
-0.014369276
-0.015290389
-0.014773315
-0.012818055
-0.009424608
-0.004592975
0.0016768445
0.00938485
0.018531043
0.02687996
0.032196138
0.034479585
0.033730287
0.029948257
0.023133488
0.013285984
0.00040574168
-0.015507238
-0.034452952
-0.055185385
-0.07022839
-0.078335956
-0.07950808
-0.07374475
-0.061045986
-0.041411772
-0.014842115
0.018662985
0.059103534
0.106479526
0.1490628
0.17512518
0.18466671
0.17768733
0.15418708
0.11416596
0.057623953
-0.015438934
-0.1050227
-0.21112736
-0.32553563
-0.39894414
-0.42313564
-0.39811012
-0.32386756
-0.200408
-0.02773142
0.19416218
0.46527278
0.7856004
1.155145
