0.8915939
0.2522612
-0.05188013
-0.12370861
-0.06610279
0.018131608
0.056599505
0.05422883
0.028055374
-0.0048850696
-0.027672188
-0.031788744
-0.022669103
-0.007063029
0.008279712
0.01677475
0.01642827
0.010321723
0.0017992045
-0.005795191
-0.009315514
-0.008407274
-0.0047794837
-0.00018953168
0.0036051935
0.0050516846
0.0042661196
0.002179749
-0.0002706571
-0.0021483293
-0.0027049878
-0.002142766
-0.0009626752
0.00033416346
0.0012466876
0.001433825
0.0010632597
0.00040357473
-0.00027664684
-0.0007096682
-0.0007527407
-0.0005190782
-0.00015323555
0.0002002324
0.0003988895
0.00039067655
0.0002457941
4.3121036e-5
-0.00013846374
-0.00022330802
-0.00019811025
-0.000105964944
8.001478e-6
9.866258e-5
0.00012507237
9.0623806e-5
2.5415311e-5
-4.00877e-5
-7.54198e-5
-5.7021647e-5
-5.4373736e-6
4.144327e-5
4.5689016e-5
-3.0631403e-5
-0.4673019
0.5425932
0.80389416
0.5855855
0.15665178
-0.21413675
-0.34754083
-0.29196513
-0.13146068
0.049921405
0.16872098
0.18447217
0.12809251
0.037229728
-0.05046839
-0.09828647
-0.09538743
-0.05954486
-0.010013002
0.03395393
0.054245636
0.048867133
0.027736247
0.0010500792
-0.020994274
-0.029386368
-0.024807129
-0.012669854
0.0015801222
0.012497466
0.015732674
0.012461675
0.005598004
-0.0019441742
-0.007251033
-0.008339168
-0.006183838
-0.002347084
0.0016090568
0.0041274675
0.004377949
0.003018953
0.0008912066
-0.0011645624
-0.002319949
-0.0022721794
-0.0014295399
-0.0002507909
0.00080530776
0.0012987624
0.0011522116
0.0006162932
-4.6536876e-5
-0.0005738229
-0.0007274225
-0.00052706915
-0.00014781574
0.00023315057
0.00043864248
0.0003316386
3.162383e-5
-0.00024103456
-0.00026572787
0.00017815262
0.24429378
-0.34247485
-0.35926634
-0.041689083
0.37464845
0.6543482
0.6498993
0.4372558
0.12736359
-0.16883142
-0.3412348
-0.34170935
-0.22498533
-0.055491716
0.10234252
0.1857205
0.17714249
0.10918884
0.017031508
-0.064157516
-0.10130696
-0.09093988
-0.05145613
-0.0017684102
0.03921058
0.05477172
0.046202548
0.023578495
-0.0029655187
-0.023294566
-0.029313862
-0.023215516
-0.010426578
0.0036247177
0.013510772
0.015537194
0.011521075
0.0043725646
-0.0029981837
-0.0076901885
-0.00815677
-0.005624714
-0.0016604027
0.002169783
0.0043224203
0.004233407
0.0026634398
0.00046725516
-0.0015004115
-0.0024197886
-0.0021467414
-0.0011482453
8.670579e-5
0.0010691178
0.0013552965
0.0009820083
0.00027540262
-0.00043439431
-0.0008172563
-0.00061789213
-5.8919886e-5
0.0004490833
0.0004950906
-0.00033192488
-0.10905639
0.16005231
0.15103081
-0.009328448
-0.19423296
-0.27701667
-0.18384884
0.02476084
0.26726657
0.4621225
0.5285007
0.43780497
0.24815987
0.025866123
-0.16277553
-0.25327083
-0.2312642
-0.13783282
-0.01692249
0.08752099
0.1342147
0.1193904
0.06701147
0.0016914193
-0.05195625
-0.07219497
-0.060784142
-0.03095638
0.003978019
0.030708753
0.038606796
0.030562753
0.013718784
-0.0047813985
-0.017794915
-0.020460216
-0.015170223
-0.0057565873
0.003949035
0.010127061
0.010741122
0.007406673
0.0021863154
-0.002857349
-0.0056919516
-0.0055746967
-0.0035072933
-0.0006152792
0.0019758067
0.0031864676
0.0028269049
0.001512048
-0.000114179515
-0.0014078538
-0.0017847031
-0.0012931435
-0.00036265972
0.00057202624
0.0010761925
0.0008136625
7.758776e-5
-0.00059136905
-0.00065195304
0.00043709058
0.055743285
-0.08282552
-0.07584518
0.008668956
0.10270157
0.1383102
0.07799958
-0.03830955
-0.15857406
-0.23075078
-0.20333953
-0.06434473
0.13263963
0.32783556
0.46146506
0.47565222
0.36531216
0.18372515
-0.012808157
-0.16798708
-0.22920431
-0.19588406
-0.10591339
0.0019189814
0.088824324
0.12061606
0.100693524
0.050809447
-0.0071591465
-0.05133525
-0.06426323
-0.050781168
-0.022737868
0.0080152815
0.029628282
0.034038648
0.025227915
0.009566235
-0.0065762345
-0.016849415
-0.017868333
-0.012320222
-0.003635834
0.0047540874
0.009469083
0.009273737
0.005834402
0.0010234042
-0.0032869293
-0.005300863
-0.004702682
-0.0025153446
0.00018995961
0.0023420402
0.0029689402
0.002151204
0.0006032992
-0.00095159473
-0.001790298
-0.0013535662
-0.00012907055
0.0009837708
0.001084555
-0.00072712114
-0.029517924
0.043988984
0.03998904
-0.005089445
-0.054818146
-0.072808415
-0.03924936
0.023518892
0.08655585
0.120921046
0.098011844
0.013810382
-0.0948832
-0.18742032
-0.2231524
-0.16299058
-0.011136547
0.18034655
0.35691875
0.46404007
0.45137066
0.32774198
0.14572613
-0.041079402
-0.17907712
-0.2215692
-0.17820776
-0.086160935
0.01721684
0.09457114
0.11621232
0.0910985
0.040341444
-0.014942636
-0.053640004
-0.06140763
-0.045432813
-0.017172856
0.011914944
0.030409425
0.032226413
0.022211336
0.006547876
-0.008580276
-0.01708009
-0.016725492
-0.01052155
-0.0018446458
0.005928835
0.009560632
0.008481525
0.0045364355
-0.00034273605
-0.004224088
-0.005354689
-0.0038798223
-0.001088069
0.0017162774
0.003228924
0.0024412435
0.00023278408
-0.0017742971
-0.0019560661
0.0013114111
0.015761249
-0.02350427
-0.021330852
0.0027793567
0.02932421
0.038822874
0.020702802
-0.0129581345
-0.046535272
-0.06440394
-0.0511264
-0.0048647565
0.053638972
0.10151388
0.115889065
0.074888684
-0.015745038
-0.11973572
-0.19922681
-0.21636179
-0.13681683
0.023963021
0.21374263
0.37942433
0.46791053
0.43413958
0.29868025
0.11414911
-0.06662039
-0.19079474
-0.21731085
-0.16445485
-0.069176555
0.031567376
0.10082469
0.113674894
0.08345756
0.031100178
-0.022469759
-0.056390982
-0.059582952
-0.040995028
-0.012029106
0.015912915
0.031596415
0.030922333
0.019444395
0.0034015197
-0.010967379
-0.017678658
-0.015681425
-0.008386442
0.0006347697
0.007810694
0.00990069
0.0071735126
0.0020116298
-0.0031734414
-0.0059701833
-0.0045137457
-0.00043038293
0.0032806187
0.0036166867
-0.0024247505
-0.008432735
0.012577462
0.011409995
-0.0014946357
-0.015695928
-0.020764804
-0.011045321
0.0069821533
0.024936851
0.034438003
0.027205637
0.0022944012
-0.02906342
-0.054487392
-0.061597083
-0.038565245
0.011081722
0.066842616
0.10733778
0.11118758
0.059283316
-0.035490684
-0.13660018
-0.2069565
-0.209471
-0.11386626
0.054507434
0.24313644
0.3993232
0.4703702
0.41738847
0.27111572
0.084185146
-0.09076195
-0.20109113
-0.2127797
-0.15098919
-0.052618805
0.045432277
0.106383435
0.110965
0.07576794
0.021774154
-0.03003449
-0.05898497
-0.057579122
-0.036141418
-0.006261432
0.020471262
0.032941658
0.029205054
0.015611263
-0.0011910519
-0.014553228
-0.018442677
-0.013361077
-0.0037457026
0.00591208
0.011120906
0.008407614
0.00080146524
-0.0061109154
-0.0067367833
0.004516607
0.004516607
-0.0067367833
-0.0061109154
0.00080146524
0.008407614
0.011120906
0.00591208
-0.0037457026
-0.013361077
-0.018442677
-0.014553228
-0.0011910519
0.015611263
0.029205054
0.032941658
0.020471262
-0.006261432
-0.036141418
-0.057579122
-0.05898497
-0.03003449
0.021774154
0.07576794
0.110965
0.106383435
0.045432277
-0.052618805
-0.15098919
-0.2127797
-0.20109113
-0.09076195
0.084185146
0.27111572
0.41738847
0.4703702
0.3993232
0.24313644
0.054507434
-0.11386626
-0.209471
-0.2069565
-0.13660018
-0.035490684
0.059283316
0.11118758
0.10733778
0.066842616
0.011081722
-0.038565245
-0.061597083
-0.054487392
-0.02906342
0.0022944012
0.027205637
0.034438003
0.024936851
0.0069821533
-0.011045321
-0.020764804
-0.015695928
-0.0014946357
0.011409995
0.012577462
-0.008432735
-0.0024247505
0.0036166867
0.0032806187
-0.00043038293
-0.0045137457
-0.0059701833
-0.0031734414
0.0020116298
0.0071735126
0.00990069
0.007810694
0.0006347697
-0.008386442
-0.015681425
-0.017678658
-0.010967379
0.0034015197
0.019444395
0.030922333
0.031596415
0.015912915
-0.012029106
-0.040995028
-0.059582952
-0.056390982
-0.022469759
0.031100178
0.08345756
0.113674894
0.10082469
0.031567376
-0.069176555
-0.16445485
-0.21731085
-0.19079474
-0.06662039
0.11414911
0.29868025
0.43413958
0.46791053
0.37942433
0.21374263
0.023963021
-0.13681683
-0.21636179
-0.19922681
-0.11973572
-0.015745038
0.074888684
0.115889065
0.10151388
0.053638972
-0.0048647565
-0.0511264
-0.06440394
-0.046535272
-0.0129581345
0.020702802
0.038822874
0.02932421
0.0027793567
-0.021330852
-0.02350427
0.015761249
0.0013114111
-0.0019560661
-0.0017742971
0.00023278408
0.0024412435
0.003228924
0.0017162774
-0.001088069
-0.0038798223
-0.005354689
-0.004224088
-0.00034273605
0.0045364355
0.008481525
0.009560632
0.005928835
-0.0018446458
-0.01052155
-0.016725492
-0.01708009
-0.008580276
0.006547876
0.022211336
0.032226413
0.030409425
0.011914944
-0.017172856
-0.045432813
-0.06140763
-0.053640004
-0.014942636
0.040341444
0.0910985
0.11621232
0.09457114
0.01721684
-0.086160935
-0.17820776
-0.2215692
-0.17907712
-0.041079402
0.14572613
0.32774198
0.45137066
0.46404007
0.35691875
0.18034655
-0.011136547
-0.16299058
-0.2231524
-0.18742032
-0.0948832
0.013810382
0.098011844
0.120921046
0.08655585
0.023518892
-0.03924936
-0.072808415
-0.054818146
-0.005089445
0.03998904
0.043988984
-0.029517924
-0.00072712114
0.001084555
0.0009837708
-0.00012907055
-0.0013535662
-0.001790298
-0.00095159473
0.0006032992
0.002151204
0.0029689402
0.0023420402
0.00018995961
-0.0025153446
-0.004702682
-0.005300863
-0.0032869293
0.0010234042
0.005834402
0.009273737
0.009469083
0.0047540874
-0.003635834
-0.012320222
-0.017868333
-0.016849415
-0.0065762345
0.009566235
0.025227915
0.034038648
0.029628282
0.0080152815
-0.022737868
-0.050781168
-0.06426323
-0.05133525
-0.0071591465
0.050809447
0.100693524
0.12061606
0.088824324
0.0019189814
-0.10591339
-0.19588406
-0.22920431
-0.16798708
-0.012808157
0.18372515
0.36531216
0.47565222
0.46146506
0.32783556
0.13263963
-0.06434473
-0.20333953
-0.23075078
-0.15857406
-0.03830955
0.07799958
0.1383102
0.10270157
0.008668956
-0.07584518
-0.08282552
0.055743285
0.00043709058
-0.00065195304
-0.00059136905
7.758776e-5
0.0008136625
0.0010761925
0.00057202624
-0.00036265972
-0.0012931435
-0.0017847031
-0.0014078538
-0.000114179515
0.001512048
0.0028269049
0.0031864676
0.0019758067
-0.0006152792
-0.0035072933
-0.0055746967
-0.0056919516
-0.002857349
0.0021863154
0.007406673
0.010741122
0.010127061
0.003949035
-0.0057565873
-0.015170223
-0.020460216
-0.017794915
-0.0047813985
0.013718784
0.030562753
0.038606796
0.030708753
0.003978019
-0.03095638
-0.060784142
-0.07219497
-0.05195625
0.0016914193
0.06701147
0.1193904
0.1342147
0.08752099
-0.01692249
-0.13783282
-0.2312642
-0.25327083
-0.16277553
0.025866123
0.24815987
0.43780497
0.5285007
0.4621225
0.26726657
0.02476084
-0.18384884
-0.27701667
-0.19423296
-0.009328448
0.15103081
0.16005231
-0.10905639
-0.00033192488
0.0004950906
0.0004490833
-5.8919886e-5
-0.00061789213
-0.0008172563
-0.00043439431
0.00027540262
0.0009820083
0.0013552965
0.0010691178
8.670579e-5
-0.0011482453
-0.0021467414
-0.0024197886
-0.0015004115
0.00046725516
0.0026634398
0.004233407
0.0043224203
0.002169783
-0.0016604027
-0.005624714
-0.00815677
-0.0076901885
-0.0029981837
0.0043725646
0.011521075
0.015537194
0.013510772
0.0036247177
-0.010426578
-0.023215516
-0.029313862
-0.023294566
-0.0029655187
0.023578495
0.046202548
0.05477172
0.03921058
-0.0017684102
-0.05145613
-0.09093988
-0.10130696
-0.064157516
0.017031508
0.10918884
0.17714249
0.1857205
0.10234252
-0.055491716
-0.22498533
-0.34170935
-0.3412348
-0.16883142
0.12736359
0.4372558
0.6498993
0.6543482
0.37464845
-0.041689083
-0.35926634
-0.34247485
0.24429378
0.00017815262
-0.00026572787
-0.00024103456
3.162383e-5
0.0003316386
0.00043864248
0.00023315057
-0.00014781574
-0.00052706915
-0.0007274225
-0.0005738229
-4.6536876e-5
0.0006162932
0.0011522116
0.0012987624
0.00080530776
-0.0002507909
-0.0014295399
-0.0022721794
-0.002319949
-0.0011645624
0.0008912066
0.003018953
0.004377949
0.0041274675
0.0016090568
-0.002347084
-0.006183838
-0.008339168
-0.007251033
-0.0019441742
0.005598004
0.012461675
0.015732674
0.012497466
0.0015801222
-0.012669854
-0.024807129
-0.029386368
-0.020994274
0.0010500792
0.027736247
0.048867133
0.054245636
0.03395393
-0.010013002
-0.05954486
-0.09538743
-0.09828647
-0.05046839
0.037229728
0.12809251
0.18447217
0.16872098
0.049921405
-0.13146068
-0.29196513
-0.34754083
-0.21413675
0.15665178
0.5855855
0.80389416
0.5425932
-0.4673019
-3.0631403e-5
4.5689016e-5
4.144327e-5
-5.4373736e-6
-5.7021647e-5
-7.54198e-5
-4.00877e-5
2.5415311e-5
9.0623806e-5
0.00012507237
9.866258e-5
8.001478e-6
-0.000105964944
-0.00019811025
-0.00022330802
-0.00013846374
4.3121036e-5
0.0002457941
0.00039067655
0.0003988895
0.0002002324
-0.00015323555
-0.0005190782
-0.0007527407
-0.0007096682
-0.00027664684
0.00040357473
0.0010632597
0.001433825
0.0012466876
0.00033416346
-0.0009626752
-0.002142766
-0.0027049878
-0.0021483293
-0.0002706571
0.002179749
0.0042661196
0.0050516846
0.0036051935
-0.00018953168
-0.0047794837
-0.008407274
-0.009315514
-0.005795191
0.0017992045
0.010321723
0.01642827
0.01677475
0.008279712
-0.007063029
-0.022669103
-0.031788744
-0.027672188
-0.0048850696
0.028055374
0.05422883
0.056599505
0.018131608
-0.06610279
-0.12370861
-0.05188013
0.2522612
0.8915939
