0.91611594
0.21779183
-0.078642376
-0.11382292
-0.028386068
0.043546535
0.057769403
0.035620548
-7.525488e-5
-0.026567806
-0.030954398
-0.019916609
-0.0024515404
0.01244371
0.017207926
0.013006766
0.004284848
-0.004507328
-0.009046553
-0.008188692
-0.004114954
0.00083689194
0.004329737
0.0048263054
0.003142071
0.0005229365
-0.0017851939
-0.00265743
-0.0021182003
-0.00082705426
0.0005497689
0.0013530191
0.0013100924
0.000729595
-3.1926935e-5
-0.00061792706
-0.00075397396
-0.0005299202
-0.0001366013
0.00023514373
0.00040431257
0.00034544233
0.00015722492
-5.81879e-5
-0.00019887589
-0.00020794361
-0.00012703131
-1.0819028e-5
8.601315e-5
0.000116715724
8.8224835e-5
2.973774e-5
-2.94766e-5
-6.082387e-5
-5.5762062e-5
-2.870061e-5
4.693254e-6
2.8753615e-5
3.270616e-5
2.17018e-5
4.1268136e-6
-1.1632517e-5
-1.7893795e-5
-1.4510515e-5
-5.9075514e-6
3.4260763e-6
9.035683e-6
8.91357e-6
5.0858644e-6
-4.4524363e-8
-4.074689e-6
-5.097935e-6
-3.6500398e-6
-1.0170131e-6
1.5149343e-6
2.7148644e-6
2.36043e-6
1.1104719e-6
-3.4652078e-7
-1.3229624e-6
-1.4115628e-6
-8.810036e-7
-9.9821584e-8
5.6344606e-7
7.873066e-7
6.057589e-7
2.1523971e-7
-1.8697888e-7
-4.0720136e-7
-3.8007445e-7
-2.0103013e-7
2.4330934e-8
1.9040925e-7
2.2151598e-7
1.4986148e-7
3.197823e-8
-7.5601285e-8
-1.2041345e-7
-9.932365e-8
-4.2013117e-8
2.1243729e-8
6.033516e-8
6.0596285e-8
3.5314876e-8
7.21891e-10
-2.6951719e-8
-3.447371e-8
-2.500293e-8
-7.2704642e-9
9.987978e-9
1.8348091e-8
1.5999573e-8
7.4552045e-9
-2.5190536e-9
-9.160518e-9
-9.533128e-9
-5.5623297e-9
2.6537382e-11
4.508134e-9
5.489107e-9
3.383994e-9
1.9211068e-11
-2.7681308e-9
-3.178262e-9
-1.0575709e-9
1.4892649e-9
2.1939504e-9
-1.2118098e-9
-0.46504235
0.6759559
0.865894
0.49945015
-0.028697653
-0.3445641
-0.35977224
-0.19413622
0.027807185
0.18194404
0.19998509
0.12466295
0.011836787
-0.08263426
-0.11190652
-0.08392964
-0.027240878
0.029585602
0.0587952
0.053102132
0.02663118
-0.0054848427
-0.028117398
-0.03131885
-0.020381449
-0.0033855343
0.011588542
0.017245388
0.013744692
0.0053658723
-0.0035682626
-0.008780252
-0.008501431
-0.004734372
0.00020728815
0.00400991
0.004892706
0.0034387545
0.0008864206
-0.0015259077
-0.002623675
-0.0022416497
-0.0010202649
0.00037759542
0.0012905498
0.0013493916
0.00082433375
7.0206836e-5
-0.00055815827
-0.00075739395
-0.0005725103
-0.00019297468
0.00019128014
0.00039469943
0.00036185223
0.00018624455
-3.0455558e-5
-0.00018658851
-0.00021223744
-0.00014082773
-2.6779797e-5
7.548595e-5
0.00011611677
9.4161915e-5
3.8335398e-5
-2.223256e-5
-5.863453e-5
-5.784211e-5
-3.300329e-5
2.8892836e-7
2.644155e-5
3.308162e-5
2.3685909e-5
6.599621e-6
-9.830741e-6
-1.761735e-5
-1.5317348e-5
-7.2060957e-6
2.2486493e-6
8.584992e-6
9.159941e-6
5.7170255e-6
6.477641e-7
-3.656325e-6
-5.109005e-6
-3.930902e-6
-1.3967376e-6
1.2133469e-6
2.6424188e-6
2.4663864e-6
1.3045286e-6
-1.5788876e-7
-1.2356074e-6
-1.4374657e-6
-9.724839e-7
-2.0751375e-7
4.905933e-7
7.813893e-7
6.44533e-7
2.7263232e-7
-1.3785521e-7
-3.915281e-7
-3.932226e-7
-2.2916598e-7
-4.684509e-9
1.748956e-7
2.2370747e-7
1.6224949e-7
4.7179636e-8
-6.4814174e-8
-1.1906479e-7
-1.0382474e-7
-4.837846e-8
1.6346691e-8
5.944461e-8
6.186256e-8
3.6095177e-8
-1.7220689e-10
-2.9254268e-8
-3.562002e-8
-2.1959478e-8
-1.2466483e-10
1.7963007e-8
2.0624439e-8
6.8628094e-9
-9.664166e-9
-1.4237025e-8
7.8637e-9
0.24089481
-0.4130189
-0.34175828
0.105968766
0.5814542
0.7564888
0.5857923
0.2303225
-0.14428437
-0.3730062
-0.3718879
-0.21819746
-0.0082648145
0.16158013
0.21090928
0.15594094
0.049206607
-0.056697115
-0.110690214
-0.09956953
-0.049751393
0.010482501
0.052858487
0.058797255
0.03823597
0.006328826
-0.021769982
-0.032378808
-0.025801454
-0.010070172
0.0067013795
0.016484668
0.015960319
0.008887801
-0.00038952773
-0.00752831
-0.009185514
-0.006455825
-0.0016641023
0.0028647482
0.00492566
0.00420844
0.0019154254
-0.00070889754
-0.002422863
-0.0025333301
-0.0015475927
-0.00013180467
0.0010478795
0.0014219215
0.0010748232
0.00036228806
-0.0003591069
-0.0007410036
-0.00067933666
-0.00034965307
5.717688e-5
0.00035029883
0.0003984518
0.00026438816
5.027604e-5
-0.00014171634
-0.0002179961
-0.00017677835
-7.1970375e-5
4.173912e-5
0.00011007971
0.00010859202
6.1959945e-5
-5.4243037e-7
-4.964102e-5
-6.2107e-5
-4.446762e-5
-1.2390043e-5
1.8456105e-5
3.3074586e-5
2.8756589e-5
1.352863e-5
-4.221585e-6
-1.6117354e-5
-1.7196755e-5
-1.0733069e-5
-1.216104e-6
6.8643367e-6
9.591579e-6
7.379824e-6
2.622217e-6
-2.2779218e-6
-4.960843e-6
-4.6303617e-6
-2.449105e-6
2.964183e-7
2.3197133e-6
2.6986793e-6
1.8257288e-6
3.8958362e-7
-9.210335e-7
-1.46697e-6
-1.2100378e-6
-5.118364e-7
2.5880757e-7
7.3504975e-7
7.3823094e-7
4.3023323e-7
8.794636e-9
-3.2834674e-7
-4.199855e-7
-3.0460507e-7
-8.857444e-8
1.216813e-7
2.2353069e-7
1.9491921e-7
9.082509e-8
-3.0689066e-8
-1.11600535e-7
-1.1613996e-7
-6.776462e-8
3.2329897e-10
5.4921582e-8
6.687256e-8
4.122644e-8
2.3404415e-10
-3.3723516e-8
-3.8720056e-8
-1.2884149e-8
1.814338e-8
2.6728404e-8
-1.47632075e-8
-0.10719327
0.19131857
0.1372352
-0.0813992
-0.27654043
-0.2724987
-0.06410414
0.22951454
0.486409
0.5851495
0.47276837
0.23245244
-0.03651339
-0.23484416
-0.2808847
-0.2001279
-0.05832558
0.07869821
0.14704505
0.13090833
0.06478601
-0.014455597
-0.069960624
-0.077550456
-0.050337233
-0.008255351
0.028760787
0.04271522
0.034022264
0.013269839
-0.008846952
-0.021745242
-0.021050606
-0.011721203
0.00051502325
0.00993013
0.012115435
0.008514859
0.0021947194
-0.0037786083
-0.0064968076
-0.005550781
-0.0025263606
0.00093502906
0.003195683
0.0033413793
0.0020412216
0.00017384361
-0.00138212
-0.0018754683
-0.0014176565
-0.00047784578
0.0004736505
0.0009773596
0.0008960229
0.00046118096
-7.541447e-5
-0.00046203274
-0.0005255449
-0.00034871936
-6.631245e-5
0.00018691923
0.00028752975
0.00023316487
9.4926574e-5
-5.5052536e-5
-0.00014519155
-0.00014322934
-8.172315e-5
7.15448e-7
6.547489e-5
8.1917104e-5
5.8651338e-5
1.6342061e-5
-2.4343e-5
-4.36243e-5
-3.7929003e-5
-1.7843822e-5
5.568133e-6
2.1258264e-5
2.2681957e-5
1.4156568e-5
1.6040015e-6
-9.053836e-6
-1.265098e-5
-9.733748e-6
-3.4586187e-6
3.0045044e-6
6.54319e-6
6.107296e-6
3.2302896e-6
-3.9096605e-7
-3.0596261e-6
-3.55947e-6
-2.4080766e-6
-5.138481e-7
1.2148132e-6
1.9348856e-6
1.5960004e-6
6.7509546e-7
-3.4135874e-7
-9.695067e-7
-9.737025e-7
-5.674636e-7
-1.15998375e-8
4.3307864e-7
5.539472e-7
4.0176417e-7
1.1682679e-7
-1.6049366e-7
-2.9482968e-7
-2.5709207e-7
-1.1979533e-7
4.0477875e-8
1.4719747e-7
1.5318481e-7
8.937932e-8
-4.264208e-10
-7.2439775e-8
-8.8202725e-8
-5.437633e-8
-3.0869657e-10
4.4480217e-8
5.107049e-8
1.6993772e-8
-2.3930527e-8
-3.5253894e-8
1.947219e-8
0.05473245
-0.09875518
-0.06793686
0.046282936
0.14299971
0.12843336
0.007136783
-0.14465836
-0.2490944
-0.2287061
-0.05783533
0.18614435
0.41367748
0.53520864
0.4797538
0.28920025
0.047844615
-0.15994036
-0.25245416
-0.2147339
-0.10162478
0.02874128
0.118249156
0.12907499
0.083082706
0.0130559495
-0.048221607
-0.07116462
-0.056563806
-0.021995831
0.014785808
0.036214046
0.035035234
0.01949893
-0.0008665535
-0.016532896
-0.020166716
-0.014171958
-0.003651842
0.006290313
0.010814252
0.009239295
0.0042050118
-0.0015564981
-0.005319328
-0.005561797
-0.0033976384
-0.00028934836
0.002300578
0.00312176
0.0023597188
0.0007953824
-0.0007884033
-0.0016268373
-0.0014914499
-0.00076764566
0.0001255293
0.0007690639
0.0008747813
0.0005804511
0.00011037852
-0.00031113127
-0.00047859966
-0.00038810814
-0.0001580074
9.1636175e-5
0.00024167456
0.00023840841
0.00013603
-1.1908796e-6
-0.00010898441
-0.00013635284
-9.762646e-5
-2.7201726e-5
4.0519466e-5
7.261362e-5
6.3133666e-5
2.970144e-5
-9.268281e-6
-3.538485e-5
-3.7754624e-5
-2.3563924e-5
-2.669896e-6
1.5070312e-5
2.1057838e-5
1.6202039e-5
5.7569478e-6
-5.0010644e-6
-1.08912855e-5
-1.0165731e-5
-5.376889e-6
6.507717e-7
5.0928156e-6
5.9248173e-6
4.0082973e-6
8.5531155e-7
-2.0220837e-6
-3.2206603e-6
-2.656578e-6
-1.1237114e-6
5.6819925e-7
1.6137654e-6
1.6207496e-6
9.445558e-7
1.9308189e-8
-7.20869e-7
-9.2205744e-7
-6.687454e-7
-1.944608e-7
2.6714525e-7
4.9075055e-7
4.279355e-7
1.99402e-7
-6.737633e-8
-2.4501347e-7
-2.5497954e-7
-1.4877386e-7
7.097869e-10
1.2057762e-7
1.468154e-7
9.051061e-8
5.138323e-10
-7.403831e-8
-8.500797e-8
-2.8286513e-8
3.9832894e-8
5.868089e-8
-3.241189e-8
-0.028976282
0.052419566
0.03569315
-0.025106424
-0.07593005
-0.06660838
-0.00052131806
0.07991697
0.1314069
0.110893145
0.0075681214
-0.12524271
-0.22663122
-0.23568927
-0.106741786
0.1133043
0.34275606
0.49985817
0.5058951
0.35806894
0.1329925
-0.08898272
-0.22753039
-0.23275581
-0.14428058
-0.018103143
0.08977808
0.1289113
0.101523854
0.0389538
-0.027154107
-0.06548854
-0.063182004
-0.03509193
0.0016373969
0.029861687
0.03638895
0.025560599
0.0065784855
-0.011355371
-0.019513372
-0.016669506
-0.0075856796
0.0028093336
0.009597931
0.010035045
0.0061301515
0.00052192237
-0.0041509694
-0.005632558
-0.004257592
-0.0014350775
0.0014225174
0.0029352834
0.0026910012
0.0013850499
-0.00022649272
-0.0013876121
-0.0015783557
-0.0010472996
-0.00019915415
0.00056136993
0.0008635308
0.00070025807
0.0002850905
-0.0001653379
-0.00043605006
-0.000430157
-0.00024543703
2.1486912e-6
0.00019663906
0.00024601954
0.00017614606
4.9079696e-5
-7.310871e-5
-0.00013101574
-0.0001139112
-5.3589894e-5
1.6722632e-5
6.3844396e-5
6.812014e-5
4.2516058e-5
4.8172565e-6
-2.7191154e-5
-3.7994367e-5
-2.9233115e-5
-1.0387181e-5
9.023352e-6
1.9650995e-5
1.8341885e-5
9.701446e-6
-1.1741784e-6
-9.188897e-6
-1.0690065e-5
-7.232115e-6
-1.5432269e-6
3.6484173e-6
5.8109927e-6
4.793227e-6
2.027497e-6
-1.025194e-6
-2.9116945e-6
-2.924296e-6
-1.7042489e-6
-3.4837495e-8
1.300654e-6
1.6636554e-6
1.206608e-6
3.5086293e-7
-4.820065e-7
-8.854544e-7
-7.721181e-7
-3.5977826e-7
1.2156616e-7
4.420744e-7
4.6005604e-7
2.6843063e-7
-1.2806587e-9
-2.1755653e-7
-2.6489698e-7
-1.6330704e-7
-9.2710056e-10
1.335863e-7
1.5337869e-7
5.103696e-8
-7.186994e-8
-1.0587712e-7
5.8480325e-8
0.015469115
-0.02800138
-0.01902102
0.013477939
0.040563237
0.035387237
-0.00012508266
-0.043075245
-0.07008902
-0.05792727
-0.0011882011
0.070055835
0.12153826
0.11899247
0.037869763
-0.08731627
-0.19986041
-0.2430177
-0.16259985
0.031727195
0.2635055
0.45313242
0.5210346
0.4230829
0.21940836
-0.010783459
-0.18828717
-0.24241513
-0.1833775
-0.06608895
0.054064892
0.12229091
0.11657216
0.06416109
-0.0036259168
-0.05547249
-0.06730554
-0.047185212
-0.012079244
0.021044286
0.036092773
0.030816501
0.014015447
-0.00520249
-0.01775006
-0.018555336
-0.011333817
-0.0009639012
0.007676013
0.010415106
0.007872479
0.002653406
-0.0026304408
-0.0054275887
-0.004975856
-0.002561042
0.0004188179
0.0025658063
0.0029184995
0.0019365341
0.00036824888
-0.0010380168
-0.0015967342
-0.0012948301
-0.00052715366
0.00030572253
0.00080628967
0.0007953929
0.00045383166
-3.9731244e-6
-0.00036360056
-0.00045490882
-0.00032570743
-9.075207e-5
0.00013518355
0.00024225804
0.00021063045
9.9091776e-5
-3.0921416e-5
-0.00011805313
-0.00012595931
-7.861542e-5
-8.907473e-6
5.0278508e-5
7.0254464e-5
5.4054246e-5
1.9206685e-5
-1.668486e-5
-3.633618e-5
-3.3915538e-5
-1.793871e-5
2.1711448e-6
1.6990967e-5
1.9766741e-5
1.3372729e-5
2.8535435e-6
-6.7462006e-6
-1.0744966e-5
-8.86304e-6
-3.7489956e-6
1.8956615e-6
5.383944e-6
5.407245e-6
3.1512855e-6
6.441717e-8
-2.405008e-6
-3.076225e-6
-2.2311096e-6
-6.4877213e-7
8.9126655e-7
1.6372725e-6
1.4277049e-6
6.652573e-7
-2.2478507e-7
-8.174291e-7
-8.5067853e-7
-4.9634855e-7
2.368035e-9
4.0227852e-7
4.898146e-7
3.019671e-7
1.7142793e-9
-2.470112e-7
-2.8360884e-7
-9.437121e-8
1.3289298e-7
1.9577482e-7
-1.0813456e-7
-0.008275938
0.014982753
0.01017203
-0.007219849
-0.021704627
-0.018910961
0.0001164735
0.023095652
0.03748965
0.030834394
0.00028534725
-0.037871104
-0.06508665
-0.062812984
-0.01790403
0.049953237
0.108735405
0.12639694
0.07253582
-0.042203672
-0.16424242
-0.23797987
-0.20784034
-0.04828892
0.17784262
0.39155602
0.513853
0.47572738
0.3030712
0.07421796
-0.1319464
-0.23745234
-0.21502492
-0.11359365
0.011626292
0.10541978
0.12553878
0.08726092
0.02181046
-0.039587744
-0.06732524
-0.057351854
-0.026018573
0.0097550955
0.033088025
0.034563832
0.021102533
0.0017860434
-0.014303721
-0.01940234
-0.014664115
-0.0049415617
0.004900896
0.010110964
0.0092691565
0.0047706515
-0.00078031904
-0.004779742
-0.0054367045
-0.0036074384
-0.00068597094
0.001933671
0.0029744653
0.0024120621
0.0009820015
-0.0005695144
-0.0015019908
-0.0014816911
-0.0008454164
7.4015547e-6
0.0006773305
0.0008474233
0.00060674147
0.00016905674
-0.00025182564
-0.00045128848
-0.00039237124
-0.00018459233
5.7601712e-5
0.00021991433
0.0002346423
0.0001464481
1.6593214e-5
-9.3660914e-5
-0.00013087297
-0.000100694524
-3.577902e-5
3.108126e-5
6.768856e-5
6.317929e-5
3.341698e-5
-4.0444997e-6
-3.165149e-5
-3.6822315e-5
-2.4911282e-5
-5.3157005e-6
1.2567106e-5
2.0016174e-5
1.6510445e-5
6.9837865e-6
-3.5313178e-6
-1.0029437e-5
-1.0072843e-5
-5.8703467e-6
-1.1999902e-7
4.4801495e-6
5.730521e-6
4.156205e-6
1.20856e-6
-1.6602887e-6
-3.0499798e-6
-2.6595887e-6
-1.2392692e-6
4.1873906e-7
1.5227413e-6
1.5846797e-6
9.24619e-7
-4.4112753e-9
-7.4938134e-7
-9.1244726e-7
-5.62517e-7
-3.1934313e-9
4.6014284e-7
5.283185e-7
1.7579866e-7
-2.475586e-7
-3.6469757e-7
2.014376e-7
0.004429497
-0.008019413
-0.005443823
0.0038653766
0.0116172945
0.010119045
-6.841664e-5
-0.012367585
-0.020064473
-0.016484166
-0.00010976274
0.020317584
0.034843873
0.033515103
0.009293681
-0.027132986
-0.058417637
-0.06720106
-0.037038982
0.025662806
0.090597115
0.12633143
0.101449266
0.0038866077
-0.12149425
-0.21941645
-0.23460314
-0.12026442
0.08978492
0.3171875
0.48311672
0.5098231
0.37914246
0.16247976
-0.061372057
-0.21362005
-0.23556672
-0.15766318
-0.035073426
0.07703769
0.12640484
0.10661034
0.04783306
-0.018728314
-0.061946087
-0.06450278
-0.039304256
-0.003255985
0.026736543
0.036222123
0.027363682
0.009213324
-0.009154661
-0.018875191
-0.017301401
-0.0089036655
0.001457602
0.008922393
0.010148292
0.006733581
0.001280299
-0.003609516
-0.005552225
-0.0045024
-0.0018330079
0.0010630828
0.002803657
0.00276576
0.0015780723
-1.38179785e-5
-0.0012643224
-0.001581821
-0.0011325581
-0.00031556515
0.000470064
0.0008423861
0.0007324097
0.0003445645
-0.000107520784
-0.00041049748
-0.00043798902
-0.0002733636
-3.0973293e-5
0.00017482975
0.00024429068
0.00018795885
6.678599e-5
-5.8017038e-5
-0.00012634911
-0.000117932
-6.237695e-5
7.5495623e-6
5.9081438e-5
6.873343e-5
4.6500005e-5
9.922416e-6
-2.3458066e-5
-3.736268e-5
-3.0818795e-5
-1.3036106e-5
6.591644e-6
1.8721192e-5
1.8802215e-5
1.0957732e-5
2.2399308e-7
-8.3627565e-6
-1.0696731e-5
-7.7580735e-6
-2.2559275e-6
3.0991355e-6
5.6931667e-6
4.964453e-6
2.31325e-6
-7.816285e-7
-2.8423858e-6
-2.9580017e-6
-1.7259163e-6
8.234194e-9
1.3988134e-6
1.7031963e-6
1.0500079e-6
5.9609366e-9
-8.5891384e-7
-9.861722e-7
-3.2815007e-7
4.6209894e-7
6.807534e-7
-3.7600833e-7
-0.0023706884
0.0042920606
0.002913498
-0.0020689066
-0.006217684
-0.005415445
3.736185e-5
0.006619951
0.010738487
0.008820053
5.3479136e-5
-0.010879953
-0.018649569
-0.017924694
-0.0049385945
0.014570334
0.031292308
0.035911135
0.019604646
-0.014111534
-0.048816312
-0.06748098
-0.053085767
0.00061275245
0.06815871
0.11829692
0.11977222
0.046799503
-0.07445433
-0.18911342
-0.2419995
-0.17884965
0.0039629037
0.2339482
0.4323379
0.52036375
0.44288844
0.24960914
0.01928392
-0.16932808
-0.24196345
-0.19544506
-0.083338365
0.039209973
0.11718069
0.12034046
0.072699256
0.005445428
-0.050232682
-0.067689545
-0.051032104
-0.017118985
0.017150082
0.0352653
0.032306176
0.016617088
-0.0027306315
-0.01666641
-0.018952552
-0.0125741
-0.0023897975
0.006741611
0.010369211
0.008408365
0.003423079
-0.0019854747
-0.005236019
-0.005165203
-0.002947117
2.5822606e-5
0.0023611991
0.0029541384
0.0021151125
0.0005893329
-0.00087787176
-0.0015732027
-0.0013678152
-0.00064349285
0.00020080121
0.0007666267
0.00081796857
0.0005105215
5.7844296e-5
-0.0003265042
-0.00045622626
-0.00035102348
-0.0001247265
0.00010835001
0.00023596393
0.0002202445
0.000116492396
-1.4099223e-5
-0.00011033784
-0.00012836346
-8.684132e-5
-1.8530658e-5
4.380923e-5
6.9776856e-5
5.7555797e-5
2.4345645e-5
-1.2310257e-5
-3.4962854e-5
-3.5114168e-5
-2.0464167e-5
-4.183194e-7
1.5617909e-5
1.9976733e-5
1.4488629e-5
4.2130687e-6
-5.787806e-6
-1.0632302e-5
-9.271389e-6
-4.3201217e-6
1.4597342e-6
5.308312e-6
5.524231e-6
3.2232435e-6
-1.537781e-8
-2.612361e-6
-3.1808127e-6
-1.9609474e-6
-1.1132378e-8
1.6040689e-6
1.8417306e-6
6.128383e-7
-8.629952e-7
-1.2713443e-6
7.0221625e-7
0.0012691125
-0.002297694
-0.0015596898
0.001107575
0.0033285501
0.0028990384
-2.0092388e-5
-0.0035439844
-0.0057486733
-0.0047213947
-2.7983908e-5
0.0058251405
0.009983884
0.009594154
0.0026394608
-0.0078059677
-0.016755162
-0.019217722
-0.01046824
0.007600554
0.026173294
0.036108688
0.028270256
-0.0006580229
-0.036871
-0.06343124
-0.06340131
-0.022890775
0.043052107
0.10338736
0.12690657
0.0829915
-0.026327409
-0.14994197
-0.23269585
-0.21943276
-0.07508591
0.14628886
0.36593014
0.50507563
0.49025163
0.33160833
0.10604615
-0.10767429
-0.23099008
-0.22378221
-0.13006528
-0.00498776
0.09630183
0.12681128
0.09476187
0.031269606
-0.032475792
-0.06600661
-0.06031499
-0.030955603
0.0051707965
0.031164875
0.035409153
0.023481872
0.004454759
-0.0126004545
-0.019373626
-0.015708247
-0.00639393
0.0037103132
0.009782637
0.009649997
0.005505878
-4.838076e-5
-0.0044114417
-0.0055191643
-0.0039516054
-0.0011010198
0.0016401215
0.0029391863
0.002555461
0.0012022224
-0.00037515472
-0.0014322742
-0.0015281945
-0.000953797
-0.00010806909
0.0006100015
0.0008523586
0.00065581023
0.00023302404
-0.00020242821
-0.00044084678
-0.00041147845
-0.00021764044
2.6341304e-5
0.00020614201
0.00023981894
0.00016224392
3.462046e-5
-8.184792e-5
-0.00013036272
-0.000107530366
-4.548449e-5
2.2999013e-5
6.532041e-5
6.560311e-5
3.8232803e-5
7.815379e-7
-2.9178631e-5
-3.7322137e-5
-2.706882e-5
-7.871194e-6
1.08132435e-5
1.9864121e-5
1.7321554e-5
8.071198e-6
-2.7271929e-6
-9.917415e-6
-1.0320812e-5
-6.0219227e-6
2.8730058e-8
4.880623e-6
5.9426498e-6
3.6635997e-6
2.0798401e-8
-2.9968503e-6
-3.440869e-6
-1.1449537e-6
1.6123169e-6
2.3752275e-6
-1.3119368e-6
-0.00067929534
0.0012298465
0.0008348266
-0.00059283414
-0.0017816148
-0.0015517122
1.0765685e-5
0.0018969373
0.003076989
0.0025271021
1.4899352e-5
-0.0031180081
-0.0053439112
-0.0051351013
-0.0014122454
0.004178893
0.008968644
0.010285501
0.0055998634
-0.0040738713
-0.014014245
-0.019325268
-0.015113529
0.00039265526
0.019782256
0.033964284
0.033847753
0.011987178
-0.023434859
-0.055599596
-0.067597315
-0.042846996
0.017048202
0.08315053
0.12426758
0.10920695
0.019728277
-0.10495002
-0.20968144
-0.23931886
-0.14321083
0.05820973
0.28776878
0.46671113
0.516514
0.40387398
0.19444856
-0.03300853
-0.19974357
-0.23965201
-0.17225726
-0.05258894
0.06420893
0.124288484
0.11232628
0.057093136
-0.010223669
-0.05843948
-0.06614865
-0.043782316
-0.008239555
0.023580533
0.03619862
0.029335594
0.011933015
-0.0069381767
-0.018276434
-0.018025916
-0.010283731
9.149256e-5
0.008241125
0.010309922
0.0073815137
0.002056563
-0.0030638594
-0.0054904628
-0.0047736247
-0.002245748
0.00070080895
0.0026755135
0.0028546886
0.0017817037
0.00020187239
-0.0011394923
-0.0015922178
-0.0012250624
-0.00043529185
0.0003781389
0.00082350796
0.0007686475
0.00040655534
-4.920595e-5
-0.00038507616
-0.0004479851
-0.0003030739
-6.4671505e-5
0.00015289304
0.00024351939
0.00020086822
8.496566e-5
-4.2962474e-5
-0.00012201944
-0.00012254753
-7.141941e-5
-1.4599236e-6
5.4506087e-5
6.971827e-5
5.0564933e-5
1.4703499e-5
-2.019929e-5
-3.7106453e-5
-3.2356904e-5
-1.5077111e-5
5.094434e-6
1.8525869e-5
1.927942e-5
1.1249035e-5
-5.366815e-8
-9.117071e-6
-1.1100952e-5
-6.8436552e-6
-3.8851702e-8
5.598158e-6
6.4275914e-6
2.1387893e-6
-3.0118304e-6
-4.436958e-6
2.4507162e-6
0.00036360737
-0.0006583017
-0.0004468587
0.00031732742
0.00095364754
0.00083058653
-5.7639345e-6
-0.0010153777
-0.001647024
-0.0013526811
-7.965504e-6
0.0016689914
0.0028604446
0.0027486493
0.0007558693
-0.0022369311
-0.004800708
-0.005505433
-0.0029970438
0.00218132
0.0075020283
0.010344019
0.00808761
-0.0002151339
-0.010594632
-0.01818165
-0.018106956
-0.006383897
0.012591938
0.029792875
0.03614245
0.022741728
-0.009487624
-0.044861503
-0.066478156
-0.057435825
-0.008046888
0.05937244
0.113634184
0.12355006
0.06083026
-0.056984022
-0.17576838
-0.24037889
-0.19586934
-0.02573373
0.20240846
0.40980488
0.5177032
0.4622303
0.28023818
0.050345026
-0.14869644
-0.24014372
-0.20700413
-0.10067333
0.023705183
0.110992625
0.12360658
0.08112143
0.01472362
-0.04440044
-0.067693114
-0.05474101
-0.022203423
0.013020792
0.034162153
0.033671755
0.019200731
-0.0001800335
-0.015399655
-0.019260854
-0.013788624
-0.003840685
0.0057244794
0.010257186
0.008917751
0.0041952278
-0.0013093357
-0.004998303
-0.005332983
-0.0033284698
-0.00037711
0.0021287508
0.0029745025
0.002288598
0.0008131879
-0.00070642156
-0.0015384365
-0.0014359484
-0.0007595059
9.1924325e-5
0.00071938
0.00083690323
0.0005661874
0.00012081601
-0.00028562712
-0.00045493068
-0.0003752519
-0.00015872857
8.026034e-5
0.00022795057
0.00022893712
0.00013342215
2.7273552e-6
-0.00010182553
-0.00013024417
-9.446286e-5
-2.7468337e-5
3.7735295e-5
6.9320406e-5
6.0447535e-5
2.81663e-5
-9.517165e-6
-3.4609096e-5
-3.601684e-5
-2.1014881e-5
1.0026014e-7
1.7032053e-5
2.073824e-5
1.2784972e-5
7.25808e-8
-1.0458197e-5
-1.2007703e-5
-3.995579e-6
5.62655e-6
8.288902e-6
-4.5783045e-6
-0.00019464828
0.00035240568
0.00023921483
-0.00016987347
-0.00051051186
-0.00044463406
3.085749e-6
0.0005435577
0.00088169385
0.00072412414
4.262949e-6
-0.00089345494
-0.0015312692
-0.0014714191
-0.0004046281
0.0011974972
0.0025699472
0.0029471861
0.0016043446
-0.0011678011
-0.004016101
-0.005537387
-0.0043292306
0.00011577411
0.0056722816
0.009733289
0.009691794
0.00341348
-0.0067466586
-0.015952807
-0.019343015
-0.012150567
0.0051233554
0.024058804
0.03558267
0.030621832
0.0039996696
-0.032174576
-0.060999867
-0.06557498
-0.030613292
0.03364205
0.096569486
0.12697957
0.09381033
-0.009213915
-0.13412449
-0.22577426
-0.22901605
-0.101352595
0.114080824
0.33864075
0.49356934
0.5024736
0.35925004
0.13824682
-0.08177888
-0.2220772
-0.23112936
-0.14607045
-0.0220466
0.0857961
0.12703143
0.10176472
0.040754586
-0.02481031
-0.06398084
-0.06288188
-0.035784632
0.00041071835
0.028803978
0.035988323
0.025752049
0.007165121
-0.010701073
-0.019165067
-0.01666035
-0.007836634
0.002447222
0.009338735
0.009963646
0.006218456
0.000704413
-0.003977237
-0.005557304
-0.0042757946
-0.0015192672
0.0013198268
0.0028742799
0.0026827955
0.00141899
-0.00017174508
-0.0013440255
-0.0015635947
-0.0010578132
-0.00022572147
0.00053364015
0.0008499515
0.0007010868
0.00029655412
-0.00014995121
-0.00042588235
-0.0004277255
-0.0002492739
-5.095541e-6
0.00019024164
0.00024333646
0.0001764859
5.1319366e-5
-7.050123e-5
-0.000129512
-0.00011293474
-5.2623378e-5
1.7781014e-5
6.466052e-5
6.7290624e-5
3.926231e-5
-1.8731701e-7
-3.1821153e-5
-3.874546e-5
-2.388629e-5
-1.3560341e-7
1.9539153e-5
2.243411e-5
7.4649793e-6
-1.0512139e-5
-1.5486237e-5
8.553692e-6
0.0001041792
-0.00018861375
-0.000128032
9.091929e-5
0.00027323497
0.000237976
-1.6515679e-6
-0.0002909217
-0.00047189812
-0.00038756395
-2.28146e-6
0.00047819302
0.0008195623
0.00078752916
0.00021656313
-0.000640923
-0.0013754818
-0.0015773845
-0.0008586675
0.00062503817
0.0021494972
0.0029637036
0.0023170472
-6.203881e-5
-0.0030359917
-0.005209451
-0.0051870574
-0.0018264666
0.0036116506
0.008538704
0.010352115
0.0065002977
-0.0027475508
-0.012882004
-0.019043885
-0.01637402
-0.0021029373
0.01726832
0.032668844
0.03502763
0.016145574
-0.018390073
-0.051987488
-0.06774819
-0.04884467
0.007746124
0.07483655
0.12124102
0.115773894
0.0354048
-0.087690234
-0.19844347
-0.2417134
-0.16436876
0.02697446
0.2573147
0.44790277
0.51999795
0.42688906
0.22614041
-0.0034990106
-0.18328021
-0.24177392
-0.18591657
-0.07018248
0.050287068
0.1207808
0.1172379
0.06612452
-0.0013737777
-0.0540714
-0.06725038
-0.04802771
-0.013298868
0.020038042
0.035811804
0.0311148
0.014627607
-0.0045793178
-0.017447412
-0.018611679
-0.011614636
-0.0013146397
0.007429952
0.010380992
0.007986948
0.0028377904
-0.0024655035
-0.0053691105
-0.005011385
-0.0026506167
0.0003208313
0.002510612
0.0029207552
0.0019759657
0.00042163965
-0.0009968274
-0.001587688
-0.0013096121
-0.0005539552
0.00028010522
0.0007955374
0.0007989803
0.00046563725
9.5183095e-6
-0.00035536656
-0.0004545463
-0.00032967114
-9.586326e-5
0.0001316945
0.00024192513
0.0002109592
9.8299126e-5
-3.321448e-5
-0.00012078419
-0.00012569717
-7.334099e-5
3.4990347e-7
5.9441103e-5
7.237553e-5
4.461898e-5
2.533037e-7
-3.6498637e-5
-4.1906344e-5
-1.3944391e-5
1.9636407e-5
2.8927896e-5
-1.5978077e-5
-5.5769444e-5
0.00010096914
6.853838e-5
-4.867112e-5
-0.00014626875
-0.00012739385
8.8412366e-7
0.00015573687
0.00025261758
0.0002074716
1.2212985e-6
-0.0002559874
-0.00043872994
-0.00042158185
-0.00011593095
0.00034310052
0.00073632615
0.0008444089
0.00045966308
-0.00033459812
-0.0011506749
-0.0015865361
-0.0012403629
3.321988e-5
0.0016252445
0.002788738
0.0027767275
0.0009776885
-0.0019334853
-0.0045710173
-0.0055416436
-0.003479399
0.0014714919
0.006896674
0.010194544
0.0087635
0.0011211227
-0.009249988
-0.017490888
-0.018742584
-0.008613775
0.009891697
0.027867025
0.036240906
0.025980372
-0.0044915387
-0.040434513
-0.064948864
-0.06113492
-0.016635766
0.05015339
0.10808576
0.1259735
0.07392488
-0.03942681
-0.16135344
-0.23671038
-0.21036032
-0.054396234
0.1704373
0.38538527
0.5116926
0.4792153
0.3100004
0.082019374
-0.12597151
-0.23588316
-0.21716848
-0.11765301
0.0075173476
0.1031967
0.12585169
0.08910836
0.02414993
-0.037835687
-0.06700658
-0.058081917
-0.02723952
0.008620831
0.03262154
0.03477189
0.021689765
0.0024465309
-0.01388646
-0.019396082
-0.014921393
-0.00530067
0.004607251
0.010031627
0.009362959
0.00495212
-0.0005995557
-0.0046907593
-0.005457001
-0.0036917813
-0.00078775256
0.0018624343
0.002966362
0.0024468144
0.0010349808
-0.0005233368
-0.0014863444
-0.0014927763
-0.00086997397
-1.7783295e-5
0.00066394993
0.00084925245
0.0006159417
0.00017910627
-0.0002460517
-0.0004520013
-0.00039414602
-0.00018365735
6.2056344e-5
0.00022566739
0.00023484655
0.00013702679
-6.537433e-7
-0.0001110569
-0.00013522296
-8.336396e-5
-4.7326043e-7
6.8192305e-5
7.82958e-5
2.605303e-5
-3.668772e-5
-5.404749e-5
2.9852672e-5
2.9852672e-5
-5.404749e-5
-3.668772e-5
2.605303e-5
7.82958e-5
6.8192305e-5
-4.7326043e-7
-8.336396e-5
-0.00013522296
-0.0001110569
-6.537433e-7
0.00013702679
0.00023484655
0.00022566739
6.2056344e-5
-0.00018365735
-0.00039414602
-0.0004520013
-0.0002460517
0.00017910627
0.0006159417
0.00084925245
0.00066394993
-1.7783295e-5
-0.00086997397
-0.0014927763
-0.0014863444
-0.0005233368
0.0010349808
0.0024468144
0.002966362
0.0018624343
-0.00078775256
-0.0036917813
-0.005457001
-0.0046907593
-0.0005995557
0.00495212
0.009362959
0.010031627
0.004607251
-0.00530067
-0.014921393
-0.019396082
-0.01388646
0.0024465309
0.021689765
0.03477189
0.03262154
0.008620831
-0.02723952
-0.058081917
-0.06700658
-0.037835687
0.02414993
0.08910836
0.12585169
0.1031967
0.0075173476
-0.11765301
-0.21716848
-0.23588316
-0.12597151
0.082019374
0.3100004
0.4792153
0.5116926
0.38538527
0.1704373
-0.054396234
-0.21036032
-0.23671038
-0.16135344
-0.03942681
0.07392488
0.1259735
0.10808576
0.05015339
-0.016635766
-0.06113492
-0.064948864
-0.040434513
-0.0044915387
0.025980372
0.036240906
0.027867025
0.009891697
-0.008613775
-0.018742584
-0.017490888
-0.009249988
0.0011211227
0.0087635
0.010194544
0.006896674
0.0014714919
-0.003479399
-0.0055416436
-0.0045710173
-0.0019334853
0.0009776885
0.0027767275
0.002788738
0.0016252445
3.321988e-5
-0.0012403629
-0.0015865361
-0.0011506749
-0.00033459812
0.00045966308
0.0008444089
0.00073632615
0.00034310052
-0.00011593095
-0.00042158185
-0.00043872994
-0.0002559874
1.2212985e-6
0.0002074716
0.00025261758
0.00015573687
8.8412366e-7
-0.00012739385
-0.00014626875
-4.867112e-5
6.853838e-5
0.00010096914
-5.5769444e-5
-1.5978077e-5
2.8927896e-5
1.9636407e-5
-1.3944391e-5
-4.1906344e-5
-3.6498637e-5
2.533037e-7
4.461898e-5
7.237553e-5
5.9441103e-5
3.4990347e-7
-7.334099e-5
-0.00012569717
-0.00012078419
-3.321448e-5
9.8299126e-5
0.0002109592
0.00024192513
0.0001316945
-9.586326e-5
-0.00032967114
-0.0004545463
-0.00035536656
9.5183095e-6
0.00046563725
0.0007989803
0.0007955374
0.00028010522
-0.0005539552
-0.0013096121
-0.001587688
-0.0009968274
0.00042163965
0.0019759657
0.0029207552
0.002510612
0.0003208313
-0.0026506167
-0.005011385
-0.0053691105
-0.0024655035
0.0028377904
0.007986948
0.010380992
0.007429952
-0.0013146397
-0.011614636
-0.018611679
-0.017447412
-0.0045793178
0.014627607
0.0311148
0.035811804
0.020038042
-0.013298868
-0.04802771
-0.06725038
-0.0540714
-0.0013737777
0.06612452
0.1172379
0.1207808
0.050287068
-0.07018248
-0.18591657
-0.24177392
-0.18328021
-0.0034990106
0.22614041
0.42688906
0.51999795
0.44790277
0.2573147
0.02697446
-0.16436876
-0.2417134
-0.19844347
-0.087690234
0.0354048
0.115773894
0.12124102
0.07483655
0.007746124
-0.04884467
-0.06774819
-0.051987488
-0.018390073
0.016145574
0.03502763
0.032668844
0.01726832
-0.0021029373
-0.01637402
-0.019043885
-0.012882004
-0.0027475508
0.0065002977
0.010352115
0.008538704
0.0036116506
-0.0018264666
-0.0051870574
-0.005209451
-0.0030359917
-6.203881e-5
0.0023170472
0.0029637036
0.0021494972
0.00062503817
-0.0008586675
-0.0015773845
-0.0013754818
-0.000640923
0.00021656313
0.00078752916
0.0008195623
0.00047819302
-2.28146e-6
-0.00038756395
-0.00047189812
-0.0002909217
-1.6515679e-6
0.000237976
0.00027323497
9.091929e-5
-0.000128032
-0.00018861375
0.0001041792
8.553692e-6
-1.5486237e-5
-1.0512139e-5
7.4649793e-6
2.243411e-5
1.9539153e-5
-1.3560341e-7
-2.388629e-5
-3.874546e-5
-3.1821153e-5
-1.8731701e-7
3.926231e-5
6.7290624e-5
6.466052e-5
1.7781014e-5
-5.2623378e-5
-0.00011293474
-0.000129512
-7.050123e-5
5.1319366e-5
0.0001764859
0.00024333646
0.00019024164
-5.095541e-6
-0.0002492739
-0.0004277255
-0.00042588235
-0.00014995121
0.00029655412
0.0007010868
0.0008499515
0.00053364015
-0.00022572147
-0.0010578132
-0.0015635947
-0.0013440255
-0.00017174508
0.00141899
0.0026827955
0.0028742799
0.0013198268
-0.0015192672
-0.0042757946
-0.005557304
-0.003977237
0.000704413
0.006218456
0.009963646
0.009338735
0.002447222
-0.007836634
-0.01666035
-0.019165067
-0.010701073
0.007165121
0.025752049
0.035988323
0.028803978
0.00041071835
-0.035784632
-0.06288188
-0.06398084
-0.02481031
0.040754586
0.10176472
0.12703143
0.0857961
-0.0220466
-0.14607045
-0.23112936
-0.2220772
-0.08177888
0.13824682
0.35925004
0.5024736
0.49356934
0.33864075
0.114080824
-0.101352595
-0.22901605
-0.22577426
-0.13412449
-0.009213915
0.09381033
0.12697957
0.096569486
0.03364205
-0.030613292
-0.06557498
-0.060999867
-0.032174576
0.0039996696
0.030621832
0.03558267
0.024058804
0.0051233554
-0.012150567
-0.019343015
-0.015952807
-0.0067466586
0.00341348
0.009691794
0.009733289
0.0056722816
0.00011577411
-0.0043292306
-0.005537387
-0.004016101
-0.0011678011
0.0016043446
0.0029471861
0.0025699472
0.0011974972
-0.0004046281
-0.0014714191
-0.0015312692
-0.00089345494
4.262949e-6
0.00072412414
0.00088169385
0.0005435577
3.085749e-6
-0.00044463406
-0.00051051186
-0.00016987347
0.00023921483
0.00035240568
-0.00019464828
-4.5783045e-6
8.288902e-6
5.62655e-6
-3.995579e-6
-1.2007703e-5
-1.0458197e-5
7.25808e-8
1.2784972e-5
2.073824e-5
1.7032053e-5
1.0026014e-7
-2.1014881e-5
-3.601684e-5
-3.4609096e-5
-9.517165e-6
2.81663e-5
6.0447535e-5
6.9320406e-5
3.7735295e-5
-2.7468337e-5
-9.446286e-5
-0.00013024417
-0.00010182553
2.7273552e-6
0.00013342215
0.00022893712
0.00022795057
8.026034e-5
-0.00015872857
-0.0003752519
-0.00045493068
-0.00028562712
0.00012081601
0.0005661874
0.00083690323
0.00071938
9.1924325e-5
-0.0007595059
-0.0014359484
-0.0015384365
-0.00070642156
0.0008131879
0.002288598
0.0029745025
0.0021287508
-0.00037711
-0.0033284698
-0.005332983
-0.004998303
-0.0013093357
0.0041952278
0.008917751
0.010257186
0.0057244794
-0.003840685
-0.013788624
-0.019260854
-0.015399655
-0.0001800335
0.019200731
0.033671755
0.034162153
0.013020792
-0.022203423
-0.05474101
-0.067693114
-0.04440044
0.01472362
0.08112143
0.12360658
0.110992625
0.023705183
-0.10067333
-0.20700413
-0.24014372
-0.14869644
0.050345026
0.28023818
0.4622303
0.5177032
0.40980488
0.20240846
-0.02573373
-0.19586934
-0.24037889
-0.17576838
-0.056984022
0.06083026
0.12355006
0.113634184
0.05937244
-0.008046888
-0.057435825
-0.066478156
-0.044861503
-0.009487624
0.022741728
0.03614245
0.029792875
0.012591938
-0.006383897
-0.018106956
-0.01818165
-0.010594632
-0.0002151339
0.00808761
0.010344019
0.0075020283
0.00218132
-0.0029970438
-0.005505433
-0.004800708
-0.0022369311
0.0007558693
0.0027486493
0.0028604446
0.0016689914
-7.965504e-6
-0.0013526811
-0.001647024
-0.0010153777
-5.7639345e-6
0.00083058653
0.00095364754
0.00031732742
-0.0004468587
-0.0006583017
0.00036360737
2.4507162e-6
-4.436958e-6
-3.0118304e-6
2.1387893e-6
6.4275914e-6
5.598158e-6
-3.8851702e-8
-6.8436552e-6
-1.1100952e-5
-9.117071e-6
-5.366815e-8
1.1249035e-5
1.927942e-5
1.8525869e-5
5.094434e-6
-1.5077111e-5
-3.2356904e-5
-3.7106453e-5
-2.019929e-5
1.4703499e-5
5.0564933e-5
6.971827e-5
5.4506087e-5
-1.4599236e-6
-7.141941e-5
-0.00012254753
-0.00012201944
-4.2962474e-5
8.496566e-5
0.00020086822
0.00024351939
0.00015289304
-6.4671505e-5
-0.0003030739
-0.0004479851
-0.00038507616
-4.920595e-5
0.00040655534
0.0007686475
0.00082350796
0.0003781389
-0.00043529185
-0.0012250624
-0.0015922178
-0.0011394923
0.00020187239
0.0017817037
0.0028546886
0.0026755135
0.00070080895
-0.002245748
-0.0047736247
-0.0054904628
-0.0030638594
0.002056563
0.0073815137
0.010309922
0.008241125
9.149256e-5
-0.010283731
-0.018025916
-0.018276434
-0.0069381767
0.011933015
0.029335594
0.03619862
0.023580533
-0.008239555
-0.043782316
-0.06614865
-0.05843948
-0.010223669
0.057093136
0.11232628
0.124288484
0.06420893
-0.05258894
-0.17225726
-0.23965201
-0.19974357
-0.03300853
0.19444856
0.40387398
0.516514
0.46671113
0.28776878
0.05820973
-0.14321083
-0.23931886
-0.20968144
-0.10495002
0.019728277
0.10920695
0.12426758
0.08315053
0.017048202
-0.042846996
-0.067597315
-0.055599596
-0.023434859
0.011987178
0.033847753
0.033964284
0.019782256
0.00039265526
-0.015113529
-0.019325268
-0.014014245
-0.0040738713
0.0055998634
0.010285501
0.008968644
0.004178893
-0.0014122454
-0.0051351013
-0.0053439112
-0.0031180081
1.4899352e-5
0.0025271021
0.003076989
0.0018969373
1.0765685e-5
-0.0015517122
-0.0017816148
-0.00059283414
0.0008348266
0.0012298465
-0.00067929534
-1.3119368e-6
2.3752275e-6
1.6123169e-6
-1.1449537e-6
-3.440869e-6
-2.9968503e-6
2.0798401e-8
3.6635997e-6
5.9426498e-6
4.880623e-6
2.8730058e-8
-6.0219227e-6
-1.0320812e-5
-9.917415e-6
-2.7271929e-6
8.071198e-6
1.7321554e-5
1.9864121e-5
1.08132435e-5
-7.871194e-6
-2.706882e-5
-3.7322137e-5
-2.9178631e-5
7.815379e-7
3.8232803e-5
6.560311e-5
6.532041e-5
2.2999013e-5
-4.548449e-5
-0.000107530366
-0.00013036272
-8.184792e-5
3.462046e-5
0.00016224392
0.00023981894
0.00020614201
2.6341304e-5
-0.00021764044
-0.00041147845
-0.00044084678
-0.00020242821
0.00023302404
0.00065581023
0.0008523586
0.0006100015
-0.00010806909
-0.000953797
-0.0015281945
-0.0014322742
-0.00037515472
0.0012022224
0.002555461
0.0029391863
0.0016401215
-0.0011010198
-0.0039516054
-0.0055191643
-0.0044114417
-4.838076e-5
0.005505878
0.009649997
0.009782637
0.0037103132
-0.00639393
-0.015708247
-0.019373626
-0.0126004545
0.004454759
0.023481872
0.035409153
0.031164875
0.0051707965
-0.030955603
-0.06031499
-0.06600661
-0.032475792
0.031269606
0.09476187
0.12681128
0.09630183
-0.00498776
-0.13006528
-0.22378221
-0.23099008
-0.10767429
0.10604615
0.33160833
0.49025163
0.50507563
0.36593014
0.14628886
-0.07508591
-0.21943276
-0.23269585
-0.14994197
-0.026327409
0.0829915
0.12690657
0.10338736
0.043052107
-0.022890775
-0.06340131
-0.06343124
-0.036871
-0.0006580229
0.028270256
0.036108688
0.026173294
0.007600554
-0.01046824
-0.019217722
-0.016755162
-0.0078059677
0.0026394608
0.009594154
0.009983884
0.0058251405
-2.7983908e-5
-0.0047213947
-0.0057486733
-0.0035439844
-2.0092388e-5
0.0028990384
0.0033285501
0.001107575
-0.0015596898
-0.002297694
0.0012691125
7.0221625e-7
-1.2713443e-6
-8.629952e-7
6.128383e-7
1.8417306e-6
1.6040689e-6
-1.1132378e-8
-1.9609474e-6
-3.1808127e-6
-2.612361e-6
-1.537781e-8
3.2232435e-6
5.524231e-6
5.308312e-6
1.4597342e-6
-4.3201217e-6
-9.271389e-6
-1.0632302e-5
-5.787806e-6
4.2130687e-6
1.4488629e-5
1.9976733e-5
1.5617909e-5
-4.183194e-7
-2.0464167e-5
-3.5114168e-5
-3.4962854e-5
-1.2310257e-5
2.4345645e-5
5.7555797e-5
6.9776856e-5
4.380923e-5
-1.8530658e-5
-8.684132e-5
-0.00012836346
-0.00011033784
-1.4099223e-5
0.000116492396
0.0002202445
0.00023596393
0.00010835001
-0.0001247265
-0.00035102348
-0.00045622626
-0.0003265042
5.7844296e-5
0.0005105215
0.00081796857
0.0007666267
0.00020080121
-0.00064349285
-0.0013678152
-0.0015732027
-0.00087787176
0.0005893329
0.0021151125
0.0029541384
0.0023611991
2.5822606e-5
-0.002947117
-0.005165203
-0.005236019
-0.0019854747
0.003423079
0.008408365
0.010369211
0.006741611
-0.0023897975
-0.0125741
-0.018952552
-0.01666641
-0.0027306315
0.016617088
0.032306176
0.0352653
0.017150082
-0.017118985
-0.051032104
-0.067689545
-0.050232682
0.005445428
0.072699256
0.12034046
0.11718069
0.039209973
-0.083338365
-0.19544506
-0.24196345
-0.16932808
0.01928392
0.24960914
0.44288844
0.52036375
0.4323379
0.2339482
0.0039629037
-0.17884965
-0.2419995
-0.18911342
-0.07445433
0.046799503
0.11977222
0.11829692
0.06815871
0.00061275245
-0.053085767
-0.06748098
-0.048816312
-0.014111534
0.019604646
0.035911135
0.031292308
0.014570334
-0.0049385945
-0.017924694
-0.018649569
-0.010879953
5.3479136e-5
0.008820053
0.010738487
0.006619951
3.736185e-5
-0.005415445
-0.006217684
-0.0020689066
0.002913498
0.0042920606
-0.0023706884
-3.7600833e-7
6.807534e-7
4.6209894e-7
-3.2815007e-7
-9.861722e-7
-8.5891384e-7
5.9609366e-9
1.0500079e-6
1.7031963e-6
1.3988134e-6
8.234194e-9
-1.7259163e-6
-2.9580017e-6
-2.8423858e-6
-7.816285e-7
2.31325e-6
4.964453e-6
5.6931667e-6
3.0991355e-6
-2.2559275e-6
-7.7580735e-6
-1.0696731e-5
-8.3627565e-6
2.2399308e-7
1.0957732e-5
1.8802215e-5
1.8721192e-5
6.591644e-6
-1.3036106e-5
-3.0818795e-5
-3.736268e-5
-2.3458066e-5
9.922416e-6
4.6500005e-5
6.873343e-5
5.9081438e-5
7.5495623e-6
-6.237695e-5
-0.000117932
-0.00012634911
-5.8017038e-5
6.678599e-5
0.00018795885
0.00024429068
0.00017482975
-3.0973293e-5
-0.0002733636
-0.00043798902
-0.00041049748
-0.000107520784
0.0003445645
0.0007324097
0.0008423861
0.000470064
-0.00031556515
-0.0011325581
-0.001581821
-0.0012643224
-1.38179785e-5
0.0015780723
0.00276576
0.002803657
0.0010630828
-0.0018330079
-0.0045024
-0.005552225
-0.003609516
0.001280299
0.006733581
0.010148292
0.008922393
0.001457602
-0.0089036655
-0.017301401
-0.018875191
-0.009154661
0.009213324
0.027363682
0.036222123
0.026736543
-0.003255985
-0.039304256
-0.06450278
-0.061946087
-0.018728314
0.04783306
0.10661034
0.12640484
0.07703769
-0.035073426
-0.15766318
-0.23556672
-0.21362005
-0.061372057
0.16247976
0.37914246
0.5098231
0.48311672
0.3171875
0.08978492
-0.12026442
-0.23460314
-0.21941645
-0.12149425
0.0038866077
0.101449266
0.12633143
0.090597115
0.025662806
-0.037038982
-0.06720106
-0.058417637
-0.027132986
0.009293681
0.033515103
0.034843873
0.020317584
-0.00010976274
-0.016484166
-0.020064473
-0.012367585
-6.841664e-5
0.010119045
0.0116172945
0.0038653766
-0.005443823
-0.008019413
0.004429497
2.014376e-7
-3.6469757e-7
-2.475586e-7
1.7579866e-7
5.283185e-7
4.6014284e-7
-3.1934313e-9
-5.62517e-7
-9.1244726e-7
-7.4938134e-7
-4.4112753e-9
9.24619e-7
1.5846797e-6
1.5227413e-6
4.1873906e-7
-1.2392692e-6
-2.6595887e-6
-3.0499798e-6
-1.6602887e-6
1.20856e-6
4.156205e-6
5.730521e-6
4.4801495e-6
-1.1999902e-7
-5.8703467e-6
-1.0072843e-5
-1.0029437e-5
-3.5313178e-6
6.9837865e-6
1.6510445e-5
2.0016174e-5
1.2567106e-5
-5.3157005e-6
-2.4911282e-5
-3.6822315e-5
-3.165149e-5
-4.0444997e-6
3.341698e-5
6.317929e-5
6.768856e-5
3.108126e-5
-3.577902e-5
-0.000100694524
-0.00013087297
-9.3660914e-5
1.6593214e-5
0.0001464481
0.0002346423
0.00021991433
5.7601712e-5
-0.00018459233
-0.00039237124
-0.00045128848
-0.00025182564
0.00016905674
0.00060674147
0.0008474233
0.0006773305
7.4015547e-6
-0.0008454164
-0.0014816911
-0.0015019908
-0.0005695144
0.0009820015
0.0024120621
0.0029744653
0.001933671
-0.00068597094
-0.0036074384
-0.0054367045
-0.004779742
-0.00078031904
0.0047706515
0.0092691565
0.010110964
0.004900896
-0.0049415617
-0.014664115
-0.01940234
-0.014303721
0.0017860434
0.021102533
0.034563832
0.033088025
0.0097550955
-0.026018573
-0.057351854
-0.06732524
-0.039587744
0.02181046
0.08726092
0.12553878
0.10541978
0.011626292
-0.11359365
-0.21502492
-0.23745234
-0.1319464
0.07421796
0.3030712
0.47572738
0.513853
0.39155602
0.17784262
-0.04828892
-0.20784034
-0.23797987
-0.16424242
-0.042203672
0.07253582
0.12639694
0.108735405
0.049953237
-0.01790403
-0.062812984
-0.06508665
-0.037871104
0.00028534725
0.030834394
0.03748965
0.023095652
0.0001164735
-0.018910961
-0.021704627
-0.007219849
0.01017203
0.014982753
-0.008275938
-1.0813456e-7
1.9577482e-7
1.3289298e-7
-9.437121e-8
-2.8360884e-7
-2.470112e-7
1.7142793e-9
3.019671e-7
4.898146e-7
4.0227852e-7
2.368035e-9
-4.9634855e-7
-8.5067853e-7
-8.174291e-7
-2.2478507e-7
6.652573e-7
1.4277049e-6
1.6372725e-6
8.9126655e-7
-6.4877213e-7
-2.2311096e-6
-3.076225e-6
-2.405008e-6
6.441717e-8
3.1512855e-6
5.407245e-6
5.383944e-6
1.8956615e-6
-3.7489956e-6
-8.86304e-6
-1.0744966e-5
-6.7462006e-6
2.8535435e-6
1.3372729e-5
1.9766741e-5
1.6990967e-5
2.1711448e-6
-1.793871e-5
-3.3915538e-5
-3.633618e-5
-1.668486e-5
1.9206685e-5
5.4054246e-5
7.0254464e-5
5.0278508e-5
-8.907473e-6
-7.861542e-5
-0.00012595931
-0.00011805313
-3.0921416e-5
9.9091776e-5
0.00021063045
0.00024225804
0.00013518355
-9.075207e-5
-0.00032570743
-0.00045490882
-0.00036360056
-3.9731244e-6
0.00045383166
0.0007953929
0.00080628967
0.00030572253
-0.00052715366
-0.0012948301
-0.0015967342
-0.0010380168
0.00036824888
0.0019365341
0.0029184995
0.0025658063
0.0004188179
-0.002561042
-0.004975856
-0.0054275887
-0.0026304408
0.002653406
0.007872479
0.010415106
0.007676013
-0.0009639012
-0.011333817
-0.018555336
-0.01775006
-0.00520249
0.014015447
0.030816501
0.036092773
0.021044286
-0.012079244
-0.047185212
-0.06730554
-0.05547249
-0.0036259168
0.06416109
0.11657216
0.12229091
0.054064892
-0.06608895
-0.1833775
-0.24241513
-0.18828717
-0.010783459
0.21940836
0.4230829
0.5210346
0.45313242
0.2635055
0.031727195
-0.16259985
-0.2430177
-0.19986041
-0.08731627
0.037869763
0.11899247
0.12153826
0.070055835
-0.0011882011
-0.05792727
-0.07008902
-0.043075245
-0.00012508266
0.035387237
0.040563237
0.013477939
-0.01902102
-0.02800138
0.015469115
5.8480325e-8
-1.0587712e-7
-7.186994e-8
5.103696e-8
1.5337869e-7
1.335863e-7
-9.2710056e-10
-1.6330704e-7
-2.6489698e-7
-2.1755653e-7
-1.2806587e-9
2.6843063e-7
4.6005604e-7
4.420744e-7
1.2156616e-7
-3.5977826e-7
-7.721181e-7
-8.854544e-7
-4.820065e-7
3.5086293e-7
1.206608e-6
1.6636554e-6
1.300654e-6
-3.4837495e-8
-1.7042489e-6
-2.924296e-6
-2.9116945e-6
-1.025194e-6
2.027497e-6
4.793227e-6
5.8109927e-6
3.6484173e-6
-1.5432269e-6
-7.232115e-6
-1.0690065e-5
-9.188897e-6
-1.1741784e-6
9.701446e-6
1.8341885e-5
1.9650995e-5
9.023352e-6
-1.0387181e-5
-2.9233115e-5
-3.7994367e-5
-2.7191154e-5
4.8172565e-6
4.2516058e-5
6.812014e-5
6.3844396e-5
1.6722632e-5
-5.3589894e-5
-0.0001139112
-0.00013101574
-7.310871e-5
4.9079696e-5
0.00017614606
0.00024601954
0.00019663906
2.1486912e-6
-0.00024543703
-0.000430157
-0.00043605006
-0.0001653379
0.0002850905
0.00070025807
0.0008635308
0.00056136993
-0.00019915415
-0.0010472996
-0.0015783557
-0.0013876121
-0.00022649272
0.0013850499
0.0026910012
0.0029352834
0.0014225174
-0.0014350775
-0.004257592
-0.005632558
-0.0041509694
0.00052192237
0.0061301515
0.010035045
0.009597931
0.0028093336
-0.0075856796
-0.016669506
-0.019513372
-0.011355371
0.0065784855
0.025560599
0.03638895
0.029861687
0.0016373969
-0.03509193
-0.063182004
-0.06548854
-0.027154107
0.0389538
0.101523854
0.1289113
0.08977808
-0.018103143
-0.14428058
-0.23275581
-0.22753039
-0.08898272
0.1329925
0.35806894
0.5058951
0.49985817
0.34275606
0.1133043
-0.106741786
-0.23568927
-0.22663122
-0.12524271
0.0075681214
0.110893145
0.1314069
0.07991697
-0.00052131806
-0.06660838
-0.07593005
-0.025106424
0.03569315
0.052419566
-0.028976282
-3.241189e-8
5.868089e-8
3.9832894e-8
-2.8286513e-8
-8.500797e-8
-7.403831e-8
5.138323e-10
9.051061e-8
1.468154e-7
1.2057762e-7
7.097869e-10
-1.4877386e-7
-2.5497954e-7
-2.4501347e-7
-6.737633e-8
1.99402e-7
4.279355e-7
4.9075055e-7
2.6714525e-7
-1.944608e-7
-6.687454e-7
-9.2205744e-7
-7.20869e-7
1.9308189e-8
9.445558e-7
1.6207496e-6
1.6137654e-6
5.6819925e-7
-1.1237114e-6
-2.656578e-6
-3.2206603e-6
-2.0220837e-6
8.5531155e-7
4.0082973e-6
5.9248173e-6
5.0928156e-6
6.507717e-7
-5.376889e-6
-1.0165731e-5
-1.08912855e-5
-5.0010644e-6
5.7569478e-6
1.6202039e-5
2.1057838e-5
1.5070312e-5
-2.669896e-6
-2.3563924e-5
-3.7754624e-5
-3.538485e-5
-9.268281e-6
2.970144e-5
6.3133666e-5
7.261362e-5
4.0519466e-5
-2.7201726e-5
-9.762646e-5
-0.00013635284
-0.00010898441
-1.1908796e-6
0.00013603
0.00023840841
0.00024167456
9.1636175e-5
-0.0001580074
-0.00038810814
-0.00047859966
-0.00031113127
0.00011037852
0.0005804511
0.0008747813
0.0007690639
0.0001255293
-0.00076764566
-0.0014914499
-0.0016268373
-0.0007884033
0.0007953824
0.0023597188
0.00312176
0.002300578
-0.00028934836
-0.0033976384
-0.005561797
-0.005319328
-0.0015564981
0.0042050118
0.009239295
0.010814252
0.006290313
-0.003651842
-0.014171958
-0.020166716
-0.016532896
-0.0008665535
0.01949893
0.035035234
0.036214046
0.014785808
-0.021995831
-0.056563806
-0.07116462
-0.048221607
0.0130559495
0.083082706
0.12907499
0.118249156
0.02874128
-0.10162478
-0.2147339
-0.25245416
-0.15994036
0.047844615
0.28920025
0.4797538
0.53520864
0.41367748
0.18614435
-0.05783533
-0.2287061
-0.2490944
-0.14465836
0.007136783
0.12843336
0.14299971
0.046282936
-0.06793686
-0.09875518
0.05473245
1.947219e-8
-3.5253894e-8
-2.3930527e-8
1.6993772e-8
5.107049e-8
4.4480217e-8
-3.0869657e-10
-5.437633e-8
-8.8202725e-8
-7.2439775e-8
-4.264208e-10
8.937932e-8
1.5318481e-7
1.4719747e-7
4.0477875e-8
-1.1979533e-7
-2.5709207e-7
-2.9482968e-7
-1.6049366e-7
1.1682679e-7
4.0176417e-7
5.539472e-7
4.3307864e-7
-1.15998375e-8
-5.674636e-7
-9.737025e-7
-9.695067e-7
-3.4135874e-7
6.7509546e-7
1.5960004e-6
1.9348856e-6
1.2148132e-6
-5.138481e-7
-2.4080766e-6
-3.55947e-6
-3.0596261e-6
-3.9096605e-7
3.2302896e-6
6.107296e-6
6.54319e-6
3.0045044e-6
-3.4586187e-6
-9.733748e-6
-1.265098e-5
-9.053836e-6
1.6040015e-6
1.4156568e-5
2.2681957e-5
2.1258264e-5
5.568133e-6
-1.7843822e-5
-3.7929003e-5
-4.36243e-5
-2.4343e-5
1.6342061e-5
5.8651338e-5
8.1917104e-5
6.547489e-5
7.15448e-7
-8.172315e-5
-0.00014322934
-0.00014519155
-5.5052536e-5
9.4926574e-5
0.00023316487
0.00028752975
0.00018691923
-6.631245e-5
-0.00034871936
-0.0005255449
-0.00046203274
-7.541447e-5
0.00046118096
0.0008960229
0.0009773596
0.0004736505
-0.00047784578
-0.0014176565
-0.0018754683
-0.00138212
0.00017384361
0.0020412216
0.0033413793
0.003195683
0.00093502906
-0.0025263606
-0.005550781
-0.0064968076
-0.0037786083
0.0021947194
0.008514859
0.012115435
0.00993013
0.00051502325
-0.011721203
-0.021050606
-0.021745242
-0.008846952
0.013269839
0.034022264
0.04271522
0.028760787
-0.008255351
-0.050337233
-0.077550456
-0.069960624
-0.014455597
0.06478601
0.13090833
0.14704505
0.07869821
-0.05832558
-0.2001279
-0.2808847
-0.23484416
-0.03651339
0.23245244
0.47276837
0.5851495
0.486409
0.22951454
-0.06410414
-0.2724987
-0.27654043
-0.0813992
0.1372352
0.19131857
-0.10719327
-1.47632075e-8
2.6728404e-8
1.814338e-8
-1.2884149e-8
-3.8720056e-8
-3.3723516e-8
2.3404415e-10
4.122644e-8
6.687256e-8
5.4921582e-8
3.2329897e-10
-6.776462e-8
-1.1613996e-7
-1.11600535e-7
-3.0689066e-8
9.082509e-8
1.9491921e-7
2.2353069e-7
1.216813e-7
-8.857444e-8
-3.0460507e-7
-4.199855e-7
-3.2834674e-7
8.794636e-9
4.3023323e-7
7.3823094e-7
7.3504975e-7
2.5880757e-7
-5.118364e-7
-1.2100378e-6
-1.46697e-6
-9.210335e-7
3.8958362e-7
1.8257288e-6
2.6986793e-6
2.3197133e-6
2.964183e-7
-2.449105e-6
-4.6303617e-6
-4.960843e-6
-2.2779218e-6
2.622217e-6
7.379824e-6
9.591579e-6
6.8643367e-6
-1.216104e-6
-1.0733069e-5
-1.7196755e-5
-1.6117354e-5
-4.221585e-6
1.352863e-5
2.8756589e-5
3.3074586e-5
1.8456105e-5
-1.2390043e-5
-4.446762e-5
-6.2107e-5
-4.964102e-5
-5.4243037e-7
6.1959945e-5
0.00010859202
0.00011007971
4.173912e-5
-7.1970375e-5
-0.00017677835
-0.0002179961
-0.00014171634
5.027604e-5
0.00026438816
0.0003984518
0.00035029883
5.717688e-5
-0.00034965307
-0.00067933666
-0.0007410036
-0.0003591069
0.00036228806
0.0010748232
0.0014219215
0.0010478795
-0.00013180467
-0.0015475927
-0.0025333301
-0.002422863
-0.00070889754
0.0019154254
0.00420844
0.00492566
0.0028647482
-0.0016641023
-0.006455825
-0.009185514
-0.00752831
-0.00038952773
0.008887801
0.015960319
0.016484668
0.0067013795
-0.010070172
-0.025801454
-0.032378808
-0.021769982
0.006328826
0.03823597
0.058797255
0.052858487
0.010482501
-0.049751393
-0.09956953
-0.110690214
-0.056697115
0.049206607
0.15594094
0.21090928
0.16158013
-0.0082648145
-0.21819746
-0.3718879
-0.3730062
-0.14428437
0.2303225
0.5857923
0.7564888
0.5814542
0.105968766
-0.34175828
-0.4130189
0.24089481
7.8637e-9
-1.4237025e-8
-9.664166e-9
6.8628094e-9
2.0624439e-8
1.7963007e-8
-1.2466483e-10
-2.1959478e-8
-3.562002e-8
-2.9254268e-8
-1.7220689e-10
3.6095177e-8
6.186256e-8
5.944461e-8
1.6346691e-8
-4.837846e-8
-1.0382474e-7
-1.1906479e-7
-6.4814174e-8
4.7179636e-8
1.6224949e-7
2.2370747e-7
1.748956e-7
-4.684509e-9
-2.2916598e-7
-3.932226e-7
-3.915281e-7
-1.3785521e-7
2.7263232e-7
6.44533e-7
7.813893e-7
4.905933e-7
-2.0751375e-7
-9.724839e-7
-1.4374657e-6
-1.2356074e-6
-1.5788876e-7
1.3045286e-6
2.4663864e-6
2.6424188e-6
1.2133469e-6
-1.3967376e-6
-3.930902e-6
-5.109005e-6
-3.656325e-6
6.477641e-7
5.7170255e-6
9.159941e-6
8.584992e-6
2.2486493e-6
-7.2060957e-6
-1.5317348e-5
-1.761735e-5
-9.830741e-6
6.599621e-6
2.3685909e-5
3.308162e-5
2.644155e-5
2.8892836e-7
-3.300329e-5
-5.784211e-5
-5.863453e-5
-2.223256e-5
3.8335398e-5
9.4161915e-5
0.00011611677
7.548595e-5
-2.6779797e-5
-0.00014082773
-0.00021223744
-0.00018658851
-3.0455558e-5
0.00018624455
0.00036185223
0.00039469943
0.00019128014
-0.00019297468
-0.0005725103
-0.00075739395
-0.00055815827
7.0206836e-5
0.00082433375
0.0013493916
0.0012905498
0.00037759542
-0.0010202649
-0.0022416497
-0.002623675
-0.0015259077
0.0008864206
0.0034387545
0.004892706
0.00400991
0.00020728815
-0.004734372
-0.008501431
-0.008780252
-0.0035682626
0.0053658723
0.013744692
0.017245388
0.011588542
-0.0033855343
-0.020381449
-0.03131885
-0.028117398
-0.0054848427
0.02663118
0.053102132
0.0587952
0.029585602
-0.027240878
-0.08392964
-0.11190652
-0.08263426
0.011836787
0.12466295
0.19998509
0.18194404
0.027807185
-0.19413622
-0.35977224
-0.3445641
-0.028697653
0.49945015
0.865894
0.6759559
-0.46504235
-1.2118098e-9
2.1939504e-9
1.4892649e-9
-1.0575709e-9
-3.178262e-9
-2.7681308e-9
1.9211068e-11
3.383994e-9
5.489107e-9
4.508134e-9
2.6537382e-11
-5.5623297e-9
-9.533128e-9
-9.160518e-9
-2.5190536e-9
7.4552045e-9
1.5999573e-8
1.8348091e-8
9.987978e-9
-7.2704642e-9
-2.500293e-8
-3.447371e-8
-2.6951719e-8
7.21891e-10
3.5314876e-8
6.0596285e-8
6.033516e-8
2.1243729e-8
-4.2013117e-8
-9.932365e-8
-1.2041345e-7
-7.5601285e-8
3.197823e-8
1.4986148e-7
2.2151598e-7
1.9040925e-7
2.4330934e-8
-2.0103013e-7
-3.8007445e-7
-4.0720136e-7
-1.8697888e-7
2.1523971e-7
6.057589e-7
7.873066e-7
5.6344606e-7
-9.9821584e-8
-8.810036e-7
-1.4115628e-6
-1.3229624e-6
-3.4652078e-7
1.1104719e-6
2.36043e-6
2.7148644e-6
1.5149343e-6
-1.0170131e-6
-3.6500398e-6
-5.097935e-6
-4.074689e-6
-4.4524363e-8
5.0858644e-6
8.91357e-6
9.035683e-6
3.4260763e-6
-5.9075514e-6
-1.4510515e-5
-1.7893795e-5
-1.1632517e-5
4.1268136e-6
2.17018e-5
3.270616e-5
2.8753615e-5
4.693254e-6
-2.870061e-5
-5.5762062e-5
-6.082387e-5
-2.94766e-5
2.973774e-5
8.8224835e-5
0.000116715724
8.601315e-5
-1.0819028e-5
-0.00012703131
-0.00020794361
-0.00019887589
-5.81879e-5
0.00015722492
0.00034544233
0.00040431257
0.00023514373
-0.0001366013
-0.0005299202
-0.00075397396
-0.00061792706
-3.1926935e-5
0.000729595
0.0013100924
0.0013530191
0.0005497689
-0.00082705426
-0.0021182003
-0.00265743
-0.0017851939
0.0005229365
0.003142071
0.0048263054
0.004329737
0.00083689194
-0.004114954
-0.008188692
-0.009046553
-0.004507328
0.004284848
0.013006766
0.017207926
0.01244371
-0.0024515404
-0.019916609
-0.030954398
-0.026567806
-7.525488e-5
0.035620548
0.057769403
0.043546535
-0.028386068
-0.11382292
-0.078642376
0.21779183
0.91611594
