0.9980084
0.012763734
-0.029340243
0.026288055
0.0010006294
-0.013606557
-0.0006109739
0.007590748
0.0014030548
-0.0040930314
-0.0014898658
0.0020515474
0.0011929151
-0.0009298679
-0.00082880375
0.00036059943
0.0005296386
-9.938383e-5
-0.00031815938
-5.2681735e-6
0.00018042186
3.6956724e-5
-9.596538e-5
-3.8307637e-5
4.7184265e-5
2.978818e-5
-2.0835394e-5
-2.0310343e-5
7.726375e-6
1.2808311e-5
-1.8501643e-6
-7.606679e-6
-4.1676344e-7
4.262015e-6
1.0333379e-6
-2.234808e-6
-9.859431e-7
1.0787269e-6
7.413727e-7
-4.634138e-7
-4.963419e-7
1.6310204e-7
3.0902717e-7
-3.1717963e-8
-1.8144623e-7
-1.6787531e-8
1.0041803e-7
2.8148133e-8
-5.1884726e-8
-2.5129706e-8
2.4578739e-8
1.8333068e-8
-1.0293642e-8
-1.2049887e-8
3.5059613e-9
7.39874e-9
-6.944572e-10
-4.3209867e-9
-1.5213836e-10
2.4751003e-9
4.3433035e-11
-1.459829e-9
7.5639356e-10
-1.1816503e-10
-0.28476545
1.8120505
-0.1286659
-0.7353284
0.09210566
0.41054872
0.000536997
-0.2331302
-0.04043313
0.12570852
0.04531306
-0.06293165
-0.036509115
0.02850492
0.025389168
-0.011050958
-0.01622707
0.003045421
0.009747978
0.00016134644
-0.0055278977
-0.0011322979
0.0029402573
0.0011736958
-0.0014456657
-0.00091267156
0.0006383698
0.00062228285
-0.00023672625
-0.00039243026
5.6686666e-5
0.00023305889
1.2769097e-5
-0.00013058267
-3.1660147e-5
6.847166e-5
3.0208032e-5
-3.3050812e-5
-2.271471e-5
1.4198406e-5
1.520728e-5
-4.9972377e-6
-9.468197e-6
9.717977e-7
5.55928e-6
5.1434847e-7
-3.0766798e-6
-8.624227e-7
1.5896816e-6
7.69942e-7
-7.5306104e-7
-5.617017e-7
3.15384e-7
3.6919312e-7
-1.0741817e-7
-2.2668792e-7
2.1277279e-8
1.3238949e-7
4.661324e-9
-7.58339e-8
-1.3307326e-9
4.472729e-8
-2.3174929e-8
3.6204253e-9
0.11824789
-0.7561625
1.2214537
1.1778027
-0.34130555
-0.7506381
0.024856295
0.4328079
0.07129487
-0.23338886
-0.083496414
0.11672874
0.067599855
-0.05284538
-0.047043987
0.020482939
0.030070776
-0.005644253
-0.018064516
-0.0002989098
0.01024407
0.0020983138
-0.0054487614
-0.0021750415
0.0026790465
0.0016913238
-0.0011829999
-0.0011531881
0.00043869103
0.00072723505
-0.000105049316
-0.00043189482
-2.3663148e-5
0.00024199026
5.8671238e-5
-0.00012688876
-5.598024e-5
6.1248356e-5
4.2093932e-5
-2.6311882e-5
-2.8181485e-5
9.260668e-6
1.754606e-5
-1.8008942e-6
-1.0302221e-5
-9.531687e-7
5.701572e-6
1.598205e-6
-2.9459302e-6
-1.4268238e-6
1.3955407e-6
1.0409217e-6
-5.8445625e-7
-6.8417296e-7
1.9906277e-7
4.2008838e-7
-3.9430148e-8
-2.4533858e-7
-8.6381675e-9
1.4053217e-7
2.466057e-9
-8.2886714e-8
4.294679e-8
-6.709218e-9
-0.048875224
0.3127765
-0.5781173
-0.11677159
1.0115017
0.93142265
-0.12361238
-0.56638336
-0.080022834
0.30552393
0.10707768
-0.15242197
-0.08785026
0.06890927
0.061255768
-0.026693523
-0.03916699
0.0073541086
0.02352997
0.00038902715
-0.013343496
-0.0027331284
0.007097327
0.002833109
-0.0034896114
-0.0022030445
0.0015409247
0.0015020928
-0.00057141995
-0.0009472649
0.00013683269
0.0005625675
3.082259e-5
-0.00031520604
-7.642261e-5
0.00016527981
7.2917435e-5
-7.977946e-5
-5.4829736e-5
3.4272718e-5
3.670798e-5
-1.20625455e-5
-2.2854738e-5
2.345767e-6
1.3419227e-5
1.2415562e-6
-7.426621e-6
-2.0817527e-6
3.837241e-6
1.8585189e-6
-1.8177709e-6
-1.3558596e-6
7.6128737e-7
8.9117407e-7
-2.5929054e-7
-5.4718896e-7
5.1360004e-8
3.1956742e-7
1.1251704e-8
-1.8305111e-7
-3.2121792e-9
1.07964645e-7
-5.594063e-8
8.739137e-9
0.024473935
-0.1566517
0.29923555
0.00739816
-0.5133833
-0.086559646
0.87223965
0.94088966
0.036292654
-0.51576644
-0.16434984
0.25454685
0.14359601
-0.114374936
-0.10101381
0.04418832
0.06467729
-0.012162625
-0.03886339
-0.0006401716
0.022039328
0.0045139296
-0.011722574
-0.0046793534
0.0057637393
0.0036387243
-0.00254512
-0.0024809793
0.00094380457
0.0015645805
-0.00022600418
-0.00092918274
-5.0909115e-5
0.0005206202
0.00012622587
-0.0002729897
-0.00012043643
0.0001317703
9.05613e-5
-5.6607638e-5
-6.0629918e-5
1.9923491e-5
3.7748763e-5
-3.8744615e-6
-2.2164299e-5
-2.0506563e-6
1.2266417e-5
3.4383938e-6
-6.3379025e-6
-3.0696824e-6
3.0023798e-6
2.239449e-6
-1.2574047e-6
-1.4719363e-6
4.2826557e-7
9.037822e-7
-8.4830404e-8
-5.278238e-7
-1.8584238e-8
3.0234224e-7
5.305499e-9
-1.7832328e-7
9.239614e-8
-1.4434277e-8
-0.0128989965
0.08256735
-0.15897354
0.0027297619
0.2702964
-0.0021476622
-0.470534
-0.1757948
0.74229133
0.9954546
0.1944002
-0.47902328
-0.24585018
0.20980246
0.1800926
-0.08012956
-0.11601849
0.021965457
0.06977576
0.0011305595
-0.039573427
-0.008102329
0.02104873
0.008401636
-0.010349118
-0.006533441
0.004569885
0.0044546975
-0.0016946432
-0.002809269
0.00040580035
0.0016683862
9.140937e-5
-0.0009347952
-0.00022664378
0.0004901644
0.00021624862
-0.00023659907
-0.00016260656
0.000101641366
0.00010886354
-3.5773457e-5
-6.7779474e-5
6.9567564e-6
3.979692e-5
3.6820388e-6
-2.2024862e-5
-6.173779e-6
1.1379968e-5
5.5117425e-6
-5.390898e-6
-4.021024e-6
2.2577226e-6
2.642923e-6
-7.689687e-7
-1.6227785e-6
1.5231652e-7
9.477296e-7
3.336877e-8
-5.428681e-7
-9.526244e-9
3.2018687e-7
-1.6590111e-7
2.5917345e-8
0.0068665287
-0.043953612
0.08478324
-0.0022772718
-0.14384116
0.007068125
0.2509652
0.052633498
-0.4230898
-0.28344205
0.59950256
1.0366204
0.35406342
-0.42293027
-0.3220159
0.15429352
0.2132557
-0.04157595
-0.12876242
-0.0019338955
0.07305839
0.014935388
-0.03885812
-0.015506381
0.01910478
0.012060175
-0.008435976
-0.008223178
0.0031282734
0.0051858067
-0.0007490965
-0.0030797808
-0.00016873787
0.0017255984
0.0004183762
-0.0009048258
-0.00039918718
0.00043675335
0.00030016588
-0.00018762631
-0.00020095818
6.603652e-5
0.00012511847
-1.2841922e-5
-7.3463685e-5
-6.7969113e-6
4.0657105e-5
1.1396574e-5
-2.1007012e-5
-1.0174479e-5
9.951404e-6
7.4226655e-6
-4.167675e-6
-4.8787406e-6
1.4194885e-6
2.9955909e-6
-2.811708e-7
-1.7494747e-6
-6.1597554e-8
1.002115e-6
1.7585105e-8
-5.9105344e-7
3.062475e-7
-4.7842487e-8
-0.0036626498
0.023445196
-0.045243196
0.0013160784
0.07672005
-0.0044988007
-0.13391827
-0.023028035
0.22850458
0.118466936
-0.36195895
-0.3774018
0.44631207
1.0457907
0.510887
-0.33939344
-0.39027414
0.085925594
0.23982961
0.0023596168
-0.13632657
-0.027684327
0.072501376
0.028899958
-0.035639487
-0.022491816
0.015735729
0.015337469
-0.005834994
-0.009672463
0.0013972328
0.0057443585
0.00031472289
-0.0032185593
-0.00078034814
0.001687667
0.0007445576
-0.0008146256
-0.0005598647
0.00034995764
0.00037482404
-0.00012317028
-0.00023336902
2.3952553e-5
0.00013702331
1.2677492e-5
-7.583299e-5
-2.1256712e-5
3.918195e-5
1.8977278e-5
-1.8561203e-5
-1.3844639e-5
7.773481e-6
9.099751e-6
-2.6476077e-6
-5.5873293e-6
5.244354e-7
3.2630928e-6
1.1489079e-7
-1.8691292e-6
-3.279946e-8
1.1024237e-6
-5.7120803e-7
8.923506e-8
0.001959156
-0.012540873
0.024203012
-0.0007164191
-0.04103695
0.0024958816
0.07163935
0.011697896
-0.1225687
-0.05932762
0.19837987
0.17785078
-0.2895132
-0.44603413
0.2868892
1.0173126
0.6618718
-0.22888224
-0.44600344
0.0057621086
0.25561917
0.050400663
-0.13588178
-0.053904776
0.06674513
0.042072322
-0.029458469
-0.028702084
0.010921814
0.018101986
-0.002615186
-0.010750653
-0.00058897334
0.0060235877
0.0014604292
-0.0031584965
-0.0013934508
0.001524585
0.0010477956
-0.0006549514
-0.00070148916
0.00023051514
0.00043675385
-4.4827586e-5
-0.0002564413
-2.3726128e-5
0.00014192266
3.9782277e-5
-7.332964e-5
-3.551628e-5
3.4737586e-5
2.5910464e-5
-1.45481945e-5
-1.7030328e-5
4.95504e-6
1.0456776e-5
-9.814892e-7
-6.1069304e-6
-2.1501995e-7
3.4981051e-6
6.138472e-8
-2.0632033e-6
1.069025e-6
-1.6700483e-7
-0.0010506184
0.006725178
-0.012979415
0.0003857154
0.022006417
-0.0013494261
-0.03841814
-0.0061970316
0.06577062
0.03131886
-0.10696476
-0.092402585
0.16123557
0.22328699
-0.20778736
-0.4834051
0.124179676
0.95067364
0.79966044
-0.09367425
-0.48152843
-0.08269584
0.25553724
0.09926266
-0.1251119
-0.078456014
0.055128034
0.053624485
-0.020424755
-0.03383017
0.004889619
0.020092363
0.0011004707
-0.011257787
-0.0027294257
0.0059030703
0.002604281
-0.0028493705
-0.0019582743
0.00122407
0.0013110463
-0.0004308207
-0.00081626995
8.3780404e-5
0.00047927533
4.4342887e-5
-0.000265246
-7.435098e-5
0.00013704925
6.637806e-5
-6.492272e-5
-4.8425296e-5
2.7189812e-5
3.182879e-5
-9.26071e-6
-1.9543164e-5
1.8343517e-6
1.1413532e-5
4.0186097e-7
-6.5377744e-6
-1.14724806e-7
3.856019e-6
-1.9979514e-6
3.1212326e-7
0.00056371297
-0.0036084182
0.006964186
-0.00020714423
-0.011807609
0.0007253855
0.020613482
0.0033157126
-0.035294585
-0.01674342
0.05746355
0.049214464
-0.08724231
-0.11783798
0.1179655
0.25025544
-0.11892107
-0.4882565
-0.03399834
0.84869975
0.913822
0.05989709
-0.4891753
-0.17298387
0.2362838
0.1448606
-0.10337466
-0.09983835
0.03818499
0.063066624
-0.009133142
-0.037463304
-0.0020495462
0.020991107
0.005088888
-0.01100675
-0.004855829
0.0053128675
0.0036513389
-0.0022823687
-0.00244454
0.0008032966
0.0015219941
-0.00015621466
-0.00089364336
-8.26805e-5
0.00049457024
0.00013863276
-0.00025553818
-0.00012376667
0.00012105309
9.029245e-5
-5.0697363e-5
-5.934707e-5
1.7267259e-5
3.6439636e-5
-3.4202808e-6
-2.1281352e-5
-7.4929875e-7
1.2190151e-5
2.1391266e-7
-7.1898244e-6
3.7253244e-6
-5.819763e-7
-0.0003018833
0.0019324039
-0.0037295113
0.00011095416
0.0063232873
-0.00038862796
-0.01103908
-0.0017745108
0.018901818
0.008959103
-0.030781975
-0.02631105
0.046809994
0.06286444
-0.06396503
-0.13288917
0.070026964
0.25769326
-0.028904332
-0.46301225
-0.17750905
0.71895486
0.99509484
0.22213839
-0.4646254
-0.25830817
0.19742487
0.18485649
-0.07199371
-0.11743731
0.017152673
0.06981705
0.0038004525
-0.039122134
-0.009481469
0.02051357
0.009049418
-0.009901623
-0.00680492
0.0042536417
0.0045558573
-0.0014970978
-0.0028365226
0.00029113595
0.001665473
0.00015409064
-0.00092172495
-0.0002583683
0.00047624361
0.00023066252
-0.00022560525
-0.00016827701
9.4484094e-5
0.00011060445
-3.2180793e-5
-6.791214e-5
6.374338e-6
3.9661812e-5
1.3964595e-6
-2.2718647e-5
-3.9866657e-7
1.3399594e-5
-6.9428447e-6
1.0846226e-6
0.00016124686
-0.0010321672
0.0019920683
-5.9267466e-5
-0.003377498
0.00020760052
0.005896376
0.00094769115
-0.010096226
-0.0047844723
0.01644284
0.01404823
-0.025013868
-0.03354869
0.034262914
0.07084259
-0.03817971
-0.13717048
0.021194657
0.24754779
0.055131212
-0.41413462
-0.29820296
0.57177544
1.038531
0.38397735
-0.40721816
-0.33521315
0.1411857
0.21845956
-0.03309871
-0.1303339
-0.0069386363
0.07305625
0.017681621
-0.038304865
-0.0168937
0.018488357
0.012705347
-0.00794224
-0.00850634
0.0027952986
0.0052961507
-0.00054359203
-0.0031096523
-0.0002877065
0.0017209791
0.00048240676
-0.0008892081
-0.00043067662
0.00042123406
0.00031419483
-0.00017641396
-0.00020651275
6.0085684e-5
0.0001268007
-1.190171e-5
-7.405371e-5
-2.6073697e-6
4.2418636e-5
7.4436184e-7
-2.5018766e-5
1.2963184e-5
-2.0251298e-6
-8.610808e-5
0.00055119174
-0.0010637924
3.165e-5
0.0018036311
-0.00011086405
-0.0031487474
-0.0005060632
0.0053915353
0.0025548635
-0.008780838
-0.007501282
0.013359097
0.017911855
-0.018308748
-0.037813976
0.020483576
0.07319291
-0.012023601
-0.13221551
-0.02456326
0.22427623
0.12815265
-0.34949306
-0.3919314
0.41581053
1.0425133
0.5410831
-0.31917652
-0.40223694
0.07071537
0.24378006
0.011703656
-0.13683783
-0.032922737
0.071730874
0.031601164
-0.034614656
-0.023780668
0.01486831
0.01592283
-0.005232741
-0.009913889
0.0010175855
0.005820984
0.00053855573
-0.0032215156
-0.0009030207
0.0016645163
0.0008061871
-0.0007885116
-0.00058814394
0.00033023077
0.00038657294
-0.000112474896
-0.00023735929
2.2278911e-5
0.00013862175
4.880757e-6
-7.94038e-5
-1.3933771e-6
4.6832836e-5
-2.4265893e-5
3.7908576e-6
4.609341e-5
-0.00029505137
0.0005694451
-1.6942196e-5
-0.0009654786
5.9345515e-5
0.0016855155
0.00027089208
-0.0028860746
-0.0013675974
0.004700374
0.004015333
-0.007151251
-0.009587721
0.009802077
0.020239633
-0.010976467
-0.039172832
0.006522758
0.070777155
0.01254995
-0.12043233
-0.064761005
0.19212487
0.18744843
-0.27438673
-0.45574963
0.25476596
1.0068803
0.6905849
-0.20365027
-0.45486972
-0.01143234
0.25694788
0.0602243
-0.13456357
-0.059000757
0.064876534
0.044515457
-0.027854906
-0.029818187
0.009801506
0.018566588
-0.0019059882
-0.010901547
-0.0010085715
0.0060332627
0.0016911736
-0.0031173097
-0.0015098279
0.0014767259
0.0011014768
-0.00061845675
-0.00072397443
0.00021064318
0.00044452687
-4.1723983e-5
-0.00025961106
-9.140689e-6
0.00014870756
2.6095188e-6
-8.770861e-5
4.5445206e-5
-7.0995243e-6
-2.472667e-5
0.00015827942
-0.0003054771
9.088596e-6
0.0005179281
-3.183576e-5
-0.0009041898
-0.00014531899
0.0015482262
0.00073364185
-0.0025215033
-0.0021540031
0.0038362874
0.00514325
-0.0052584736
-0.010857235
0.0058897245
0.021013273
-0.003509736
-0.03796851
-0.0066589126
0.064651884
0.034269556
-0.10368009
-0.097791165
0.15332545
0.23004727
-0.19062254
-0.48689184
0.09197699
0.93291533
0.82465714
-0.06415137
-0.48545027
-0.100834936
0.25325218
0.108752176
-0.12162152
-0.08299978
0.05212057
0.055693965
-0.018325971
-0.034687825
0.0035631354
0.020368036
0.0018840799
-0.0112723475
-0.0031596858
0.0058242725
0.002820901
-0.0027590613
-0.0020579577
0.0011555019
0.0013526469
-0.00039355792
-0.00083053746
7.795554e-5
0.0004850476
1.7078122e-5
-0.0002778397
-4.875528e-6
0.0001638715
-8.4908126e-5
1.3264487e-5
1.3264487e-5
-8.4908126e-5
0.0001638715
-4.875528e-6
-0.0002778397
1.7078122e-5
0.0004850476
7.795554e-5
-0.00083053746
-0.00039355792
0.0013526469
0.0011555019
-0.0020579577
-0.0027590613
0.002820901
0.0058242725
-0.0031596858
-0.0112723475
0.0018840799
0.020368036
0.0035631354
-0.034687825
-0.018325971
0.055693965
0.05212057
-0.08299978
-0.12162152
0.108752176
0.25325218
-0.100834936
-0.48545027
-0.06415137
0.82465714
0.93291533
0.09197699
-0.48689184
-0.19062254
0.23004727
0.15332545
-0.097791165
-0.10368009
0.034269556
0.064651884
-0.0066589126
-0.03796851
-0.003509736
0.021013273
0.0058897245
-0.010857235
-0.0052584736
0.00514325
0.0038362874
-0.0021540031
-0.0025215033
0.00073364185
0.0015482262
-0.00014531899
-0.0009041898
-3.183576e-5
0.0005179281
9.088596e-6
-0.0003054771
0.00015827942
-2.472667e-5
-7.0995243e-6
4.5445206e-5
-8.770861e-5
2.6095188e-6
0.00014870756
-9.140689e-6
-0.00025961106
-4.1723983e-5
0.00044452687
0.00021064318
-0.00072397443
-0.00061845675
0.0011014768
0.0014767259
-0.0015098279
-0.0031173097
0.0016911736
0.0060332627
-0.0010085715
-0.010901547
-0.0019059882
0.018566588
0.009801506
-0.029818187
-0.027854906
0.044515457
0.064876534
-0.059000757
-0.13456357
0.0602243
0.25694788
-0.01143234
-0.45486972
-0.20365027
0.6905849
1.0068803
0.25476596
-0.45574963
-0.27438673
0.18744843
0.19212487
-0.064761005
-0.12043233
0.01254995
0.070777155
0.006522758
-0.039172832
-0.010976467
0.020239633
0.009802077
-0.009587721
-0.007151251
0.004015333
0.004700374
-0.0013675974
-0.0028860746
0.00027089208
0.0016855155
5.9345515e-5
-0.0009654786
-1.6942196e-5
0.0005694451
-0.00029505137
4.609341e-5
3.7908576e-6
-2.4265893e-5
4.6832836e-5
-1.3933771e-6
-7.94038e-5
4.880757e-6
0.00013862175
2.2278911e-5
-0.00023735929
-0.000112474896
0.00038657294
0.00033023077
-0.00058814394
-0.0007885116
0.0008061871
0.0016645163
-0.0009030207
-0.0032215156
0.00053855573
0.005820984
0.0010175855
-0.009913889
-0.005232741
0.01592283
0.01486831
-0.023780668
-0.034614656
0.031601164
0.071730874
-0.032922737
-0.13683783
0.011703656
0.24378006
0.07071537
-0.40223694
-0.31917652
0.5410831
1.0425133
0.41581053
-0.3919314
-0.34949306
0.12815265
0.22427623
-0.02456326
-0.13221551
-0.012023601
0.07319291
0.020483576
-0.037813976
-0.018308748
0.017911855
0.013359097
-0.007501282
-0.008780838
0.0025548635
0.0053915353
-0.0005060632
-0.0031487474
-0.00011086405
0.0018036311
3.165e-5
-0.0010637924
0.00055119174
-8.610808e-5
-2.0251298e-6
1.2963184e-5
-2.5018766e-5
7.4436184e-7
4.2418636e-5
-2.6073697e-6
-7.405371e-5
-1.190171e-5
0.0001268007
6.0085684e-5
-0.00020651275
-0.00017641396
0.00031419483
0.00042123406
-0.00043067662
-0.0008892081
0.00048240676
0.0017209791
-0.0002877065
-0.0031096523
-0.00054359203
0.0052961507
0.0027952986
-0.00850634
-0.00794224
0.012705347
0.018488357
-0.0168937
-0.038304865
0.017681621
0.07305625
-0.0069386363
-0.1303339
-0.03309871
0.21845956
0.1411857
-0.33521315
-0.40721816
0.38397735
1.038531
0.57177544
-0.29820296
-0.41413462
0.055131212
0.24754779
0.021194657
-0.13717048
-0.03817971
0.07084259
0.034262914
-0.03354869
-0.025013868
0.01404823
0.01644284
-0.0047844723
-0.010096226
0.00094769115
0.005896376
0.00020760052
-0.003377498
-5.9267466e-5
0.0019920683
-0.0010321672
0.00016124686
1.0846226e-6
-6.9428447e-6
1.3399594e-5
-3.9866657e-7
-2.2718647e-5
1.3964595e-6
3.9661812e-5
6.374338e-6
-6.791214e-5
-3.2180793e-5
0.00011060445
9.4484094e-5
-0.00016827701
-0.00022560525
0.00023066252
0.00047624361
-0.0002583683
-0.00092172495
0.00015409064
0.001665473
0.00029113595
-0.0028365226
-0.0014970978
0.0045558573
0.0042536417
-0.00680492
-0.009901623
0.009049418
0.02051357
-0.009481469
-0.039122134
0.0038004525
0.06981705
0.017152673
-0.11743731
-0.07199371
0.18485649
0.19742487
-0.25830817
-0.4646254
0.22213839
0.99509484
0.71895486
-0.17750905
-0.46301225
-0.028904332
0.25769326
0.070026964
-0.13288917
-0.06396503
0.06286444
0.046809994
-0.02631105
-0.030781975
0.008959103
0.018901818
-0.0017745108
-0.01103908
-0.00038862796
0.0063232873
0.00011095416
-0.0037295113
0.0019324039
-0.0003018833
-5.819763e-7
3.7253244e-6
-7.1898244e-6
2.1391266e-7
1.2190151e-5
-7.4929875e-7
-2.1281352e-5
-3.4202808e-6
3.6439636e-5
1.7267259e-5
-5.934707e-5
-5.0697363e-5
9.029245e-5
0.00012105309
-0.00012376667
-0.00025553818
0.00013863276
0.00049457024
-8.26805e-5
-0.00089364336
-0.00015621466
0.0015219941
0.0008032966
-0.00244454
-0.0022823687
0.0036513389
0.0053128675
-0.004855829
-0.01100675
0.005088888
0.020991107
-0.0020495462
-0.037463304
-0.009133142
0.063066624
0.03818499
-0.09983835
-0.10337466
0.1448606
0.2362838
-0.17298387
-0.4891753
0.05989709
0.913822
0.84869975
-0.03399834
-0.4882565
-0.11892107
0.25025544
0.1179655
-0.11783798
-0.08724231
0.049214464
0.05746355
-0.01674342
-0.035294585
0.0033157126
0.020613482
0.0007253855
-0.011807609
-0.00020714423
0.006964186
-0.0036084182
0.00056371297
3.1212326e-7
-1.9979514e-6
3.856019e-6
-1.14724806e-7
-6.5377744e-6
4.0186097e-7
1.1413532e-5
1.8343517e-6
-1.9543164e-5
-9.26071e-6
3.182879e-5
2.7189812e-5
-4.8425296e-5
-6.492272e-5
6.637806e-5
0.00013704925
-7.435098e-5
-0.000265246
4.4342887e-5
0.00047927533
8.3780404e-5
-0.00081626995
-0.0004308207
0.0013110463
0.00122407
-0.0019582743
-0.0028493705
0.002604281
0.0059030703
-0.0027294257
-0.011257787
0.0011004707
0.020092363
0.004889619
-0.03383017
-0.020424755
0.053624485
0.055128034
-0.078456014
-0.1251119
0.09926266
0.25553724
-0.08269584
-0.48152843
-0.09367425
0.79966044
0.95067364
0.124179676
-0.4834051
-0.20778736
0.22328699
0.16123557
-0.092402585
-0.10696476
0.03131886
0.06577062
-0.0061970316
-0.03841814
-0.0013494261
0.022006417
0.0003857154
-0.012979415
0.006725178
-0.0010506184
-1.6700483e-7
1.069025e-6
-2.0632033e-6
6.138472e-8
3.4981051e-6
-2.1501995e-7
-6.1069304e-6
-9.814892e-7
1.0456776e-5
4.95504e-6
-1.7030328e-5
-1.45481945e-5
2.5910464e-5
3.4737586e-5
-3.551628e-5
-7.332964e-5
3.9782277e-5
0.00014192266
-2.3726128e-5
-0.0002564413
-4.4827586e-5
0.00043675385
0.00023051514
-0.00070148916
-0.0006549514
0.0010477956
0.001524585
-0.0013934508
-0.0031584965
0.0014604292
0.0060235877
-0.00058897334
-0.010750653
-0.002615186
0.018101986
0.010921814
-0.028702084
-0.029458469
0.042072322
0.06674513
-0.053904776
-0.13588178
0.050400663
0.25561917
0.0057621086
-0.44600344
-0.22888224
0.6618718
1.0173126
0.2868892
-0.44603413
-0.2895132
0.17785078
0.19837987
-0.05932762
-0.1225687
0.011697896
0.07163935
0.0024958816
-0.04103695
-0.0007164191
0.024203012
-0.012540873
0.001959156
8.923506e-8
-5.7120803e-7
1.1024237e-6
-3.279946e-8
-1.8691292e-6
1.1489079e-7
3.2630928e-6
5.244354e-7
-5.5873293e-6
-2.6476077e-6
9.099751e-6
7.773481e-6
-1.3844639e-5
-1.8561203e-5
1.8977278e-5
3.918195e-5
-2.1256712e-5
-7.583299e-5
1.2677492e-5
0.00013702331
2.3952553e-5
-0.00023336902
-0.00012317028
0.00037482404
0.00034995764
-0.0005598647
-0.0008146256
0.0007445576
0.001687667
-0.00078034814
-0.0032185593
0.00031472289
0.0057443585
0.0013972328
-0.009672463
-0.005834994
0.015337469
0.015735729
-0.022491816
-0.035639487
0.028899958
0.072501376
-0.027684327
-0.13632657
0.0023596168
0.23982961
0.085925594
-0.39027414
-0.33939344
0.510887
1.0457907
0.44631207
-0.3774018
-0.36195895
0.118466936
0.22850458
-0.023028035
-0.13391827
-0.0044988007
0.07672005
0.0013160784
-0.045243196
0.023445196
-0.0036626498
-4.7842487e-8
3.062475e-7
-5.9105344e-7
1.7585105e-8
1.002115e-6
-6.1597554e-8
-1.7494747e-6
-2.811708e-7
2.9955909e-6
1.4194885e-6
-4.8787406e-6
-4.167675e-6
7.4226655e-6
9.951404e-6
-1.0174479e-5
-2.1007012e-5
1.1396574e-5
4.0657105e-5
-6.7969113e-6
-7.3463685e-5
-1.2841922e-5
0.00012511847
6.603652e-5
-0.00020095818
-0.00018762631
0.00030016588
0.00043675335
-0.00039918718
-0.0009048258
0.0004183762
0.0017255984
-0.00016873787
-0.0030797808
-0.0007490965
0.0051858067
0.0031282734
-0.008223178
-0.008435976
0.012060175
0.01910478
-0.015506381
-0.03885812
0.014935388
0.07305839
-0.0019338955
-0.12876242
-0.04157595
0.2132557
0.15429352
-0.3220159
-0.42293027
0.35406342
1.0366204
0.59950256
-0.28344205
-0.4230898
0.052633498
0.2509652
0.007068125
-0.14384116
-0.0022772718
0.08478324
-0.043953612
0.0068665287
2.5917345e-8
-1.6590111e-7
3.2018687e-7
-9.526244e-9
-5.428681e-7
3.336877e-8
9.477296e-7
1.5231652e-7
-1.6227785e-6
-7.689687e-7
2.642923e-6
2.2577226e-6
-4.021024e-6
-5.390898e-6
5.5117425e-6
1.1379968e-5
-6.173779e-6
-2.2024862e-5
3.6820388e-6
3.979692e-5
6.9567564e-6
-6.7779474e-5
-3.5773457e-5
0.00010886354
0.000101641366
-0.00016260656
-0.00023659907
0.00021624862
0.0004901644
-0.00022664378
-0.0009347952
9.140937e-5
0.0016683862
0.00040580035
-0.002809269
-0.0016946432
0.0044546975
0.004569885
-0.006533441
-0.010349118
0.008401636
0.02104873
-0.008102329
-0.039573427
0.0011305595
0.06977576
0.021965457
-0.11601849
-0.08012956
0.1800926
0.20980246
-0.24585018
-0.47902328
0.1944002
0.9954546
0.74229133
-0.1757948
-0.470534
-0.0021476622
0.2702964
0.0027297619
-0.15897354
0.08256735
-0.0128989965
-1.4434277e-8
9.239614e-8
-1.7832328e-7
5.305499e-9
3.0234224e-7
-1.8584238e-8
-5.278238e-7
-8.4830404e-8
9.037822e-7
4.2826557e-7
-1.4719363e-6
-1.2574047e-6
2.239449e-6
3.0023798e-6
-3.0696824e-6
-6.3379025e-6
3.4383938e-6
1.2266417e-5
-2.0506563e-6
-2.2164299e-5
-3.8744615e-6
3.7748763e-5
1.9923491e-5
-6.0629918e-5
-5.6607638e-5
9.05613e-5
0.0001317703
-0.00012043643
-0.0002729897
0.00012622587
0.0005206202
-5.0909115e-5
-0.00092918274
-0.00022600418
0.0015645805
0.00094380457
-0.0024809793
-0.00254512
0.0036387243
0.0057637393
-0.0046793534
-0.011722574
0.0045139296
0.022039328
-0.0006401716
-0.03886339
-0.012162625
0.06467729
0.04418832
-0.10101381
-0.114374936
0.14359601
0.25454685
-0.16434984
-0.51576644
0.036292654
0.94088966
0.87223965
-0.086559646
-0.5133833
0.00739816
0.29923555
-0.1566517
0.024473935
8.739137e-9
-5.594063e-8
1.07964645e-7
-3.2121792e-9
-1.8305111e-7
1.1251704e-8
3.1956742e-7
5.1360004e-8
-5.4718896e-7
-2.5929054e-7
8.9117407e-7
7.6128737e-7
-1.3558596e-6
-1.8177709e-6
1.8585189e-6
3.837241e-6
-2.0817527e-6
-7.426621e-6
1.2415562e-6
1.3419227e-5
2.345767e-6
-2.2854738e-5
-1.20625455e-5
3.670798e-5
3.4272718e-5
-5.4829736e-5
-7.977946e-5
7.2917435e-5
0.00016527981
-7.642261e-5
-0.00031520604
3.082259e-5
0.0005625675
0.00013683269
-0.0009472649
-0.00057141995
0.0015020928
0.0015409247
-0.0022030445
-0.0034896114
0.002833109
0.007097327
-0.0027331284
-0.013343496
0.00038902715
0.02352997
0.0073541086
-0.03916699
-0.026693523
0.061255768
0.06890927
-0.08785026
-0.15242197
0.10707768
0.30552393
-0.080022834
-0.56638336
-0.12361238
0.93142265
1.0115017
-0.11677159
-0.5781173
0.3127765
-0.048875224
-6.709218e-9
4.294679e-8
-8.2886714e-8
2.466057e-9
1.4053217e-7
-8.6381675e-9
-2.4533858e-7
-3.9430148e-8
4.2008838e-7
1.9906277e-7
-6.8417296e-7
-5.8445625e-7
1.0409217e-6
1.3955407e-6
-1.4268238e-6
-2.9459302e-6
1.598205e-6
5.701572e-6
-9.531687e-7
-1.0302221e-5
-1.8008942e-6
1.754606e-5
9.260668e-6
-2.8181485e-5
-2.6311882e-5
4.2093932e-5
6.1248356e-5
-5.598024e-5
-0.00012688876
5.8671238e-5
0.00024199026
-2.3663148e-5
-0.00043189482
-0.000105049316
0.00072723505
0.00043869103
-0.0011531881
-0.0011829999
0.0016913238
0.0026790465
-0.0021750415
-0.0054487614
0.0020983138
0.01024407
-0.0002989098
-0.018064516
-0.005644253
0.030070776
0.020482939
-0.047043987
-0.05284538
0.067599855
0.11672874
-0.083496414
-0.23338886
0.07129487
0.4328079
0.024856295
-0.7506381
-0.34130555
1.1778027
1.2214537
-0.7561625
0.11824789
3.6204253e-9
-2.3174929e-8
4.472729e-8
-1.3307326e-9
-7.58339e-8
4.661324e-9
1.3238949e-7
2.1277279e-8
-2.2668792e-7
-1.0741817e-7
3.6919312e-7
3.15384e-7
-5.617017e-7
-7.5306104e-7
7.69942e-7
1.5896816e-6
-8.624227e-7
-3.0766798e-6
5.1434847e-7
5.55928e-6
9.717977e-7
-9.468197e-6
-4.9972377e-6
1.520728e-5
1.4198406e-5
-2.271471e-5
-3.3050812e-5
3.0208032e-5
6.847166e-5
-3.1660147e-5
-0.00013058267
1.2769097e-5
0.00023305889
5.6686666e-5
-0.00039243026
-0.00023672625
0.00062228285
0.0006383698
-0.00091267156
-0.0014456657
0.0011736958
0.0029402573
-0.0011322979
-0.0055278977
0.00016134644
0.009747978
0.003045421
-0.01622707
-0.011050958
0.025389168
0.02850492
-0.036509115
-0.06293165
0.04531306
0.12570852
-0.04043313
-0.2331302
0.000536997
0.41054872
0.09210566
-0.7353284
-0.1286659
1.8120505
-0.28476545
-1.1816503e-10
7.5639356e-10
-1.459829e-9
4.3433035e-11
2.4751003e-9
-1.5213836e-10
-4.3209867e-9
-6.944572e-10
7.39874e-9
3.5059613e-9
-1.2049887e-8
-1.0293642e-8
1.8333068e-8
2.4578739e-8
-2.5129706e-8
-5.1884726e-8
2.8148133e-8
1.0041803e-7
-1.6787531e-8
-1.8144623e-7
-3.1717963e-8
3.0902717e-7
1.6310204e-7
-4.963419e-7
-4.634138e-7
7.413727e-7
1.0787269e-6
-9.859431e-7
-2.234808e-6
1.0333379e-6
4.262015e-6
-4.1676344e-7
-7.606679e-6
-1.8501643e-6
1.2808311e-5
7.726375e-6
-2.0310343e-5
-2.0835394e-5
2.978818e-5
4.7184265e-5
-3.8307637e-5
-9.596538e-5
3.6956724e-5
0.00018042186
-5.2681735e-6
-0.00031815938
-9.938383e-5
0.0005296386
0.00036059943
-0.00082880375
-0.0009298679
0.0011929151
0.0020515474
-0.0014898658
-0.0040930314
0.0014030548
0.007590748
-0.0006109739
-0.013606557
0.0010006294
0.026288055
-0.029340243
0.012763734
0.9980084
