0.11795318
0.11112401
0.10450948
0.09810662
0.09191244
0.08592395
0.08013816
0.07455209
0.06916275
0.063967146
0.058962297
0.054145217
0.049512915
0.045062408
0.040790703
0.03669482
0.032771766
0.029018559
0.025432207
0.022009723
0.018748123
0.015644416
0.012695619
0.009898743
0.007250799
0.0047488017
0.0023897637
0.0001706974
-0.0019113842
-0.0038594683
-0.005676542
-0.0073655928
-0.008929607
-0.010371574
-0.011694479
-0.01290131
-0.013995053
-0.014978697
-0.015855229
-0.016627634
-0.017298901
-0.017872019
-0.01834997
-0.018735746
-0.019032333
-0.019242719
-0.019369887
-0.01941683
-0.01938653
-0.019281978
-0.01910616
-0.018862063
-0.018552674
-0.01818098
-0.017749969
-0.017262628
-0.016721943
-0.016130904
-0.015492496
-0.014809706
-0.014085523
-0.013322932
-0.012524921
-0.011694479
-0.0108345905
-0.009948244
-0.009038428
-0.008108127
-0.0071603293
-0.0061980225
-0.005224194
-0.00424183
-0.0032539193
-0.0022634475
-0.0012734026
-0.00028677162
0.0006934582
0.0016642996
0.0026227655
0.0035658688
0.004490622
0.005394038
0.0062731295
0.0071249097
0.007946391
0.008734586
0.009486508
0.01019917
0.010869584
0.011494763
0.01207172
0.012597469
0.01306902
0.013483387
0.013837585
0.0141286235
0.014353517
0.014509279
0.01459292
0.014601456
0.014531896
0.014381256
0.014146547
0.013824782
0.013412975
0.012908137
0.012307283
0.011607423
0.010805572
0.009898743
0.008883947
0.007758197
0.006518507
0.0051618894
0.0036853568
0.0020859223
0.00036059826
-0.0014936023
-0.0034796665
-0.005600582
-0.007859335
-0.010258914
-0.012802305
-0.015492496
-0.018332474
-0.021325227
-0.02447374
-0.027781002
-0.17573424
-0.15957452
-0.14401828
-0.12905632
-0.11467942
-0.10087839
-0.087644026
-0.07496713
-0.062838495
-0.051248927
-0.040189218
-0.02965017
-0.019622583
-0.010097254
-0.001064982
0.007483434
0.015557196
0.023165504
0.03031756
0.037022565
0.04328972
0.049128227
0.054547284
0.0595561
0.06416386
0.06837979
0.072213076
0.07567292
0.078768514
0.081509076
0.083903804
0.08596189
0.087692544
0.089104965
0.09020835
0.091011904
0.09152483
0.09175633
0.0917156
0.09141184
0.09085426
0.090052046
0.08901442
0.08775056
0.08626969
0.084581
0.08269369
0.080616966
0.07836002
0.07593206
0.07334229
0.07059991
0.067714125
0.06469412
0.061549112
0.058288295
0.05492087
0.051456045
0.047903016
0.044270985
0.04056915
0.036806718
0.032992885
0.029136857
0.025247833
0.021335013
0.0174076
0.013474796
0.009545799
0.0056298133
0.0017360384
-0.0021263238
-0.0059480723
-0.009720006
-0.013432923
-0.017077623
-0.020644903
-0.024125565
-0.027510405
-0.030790223
-0.033955816
-0.036997985
-0.03990753
-0.042675246
-0.045291934
-0.04774839
-0.050035417
-0.052143812
-0.054064374
-0.055787902
-0.05730519
-0.058607046
-0.05968426
-0.060527638
-0.061127976
-0.06147607
-0.06156272
-0.061378725
-0.06091489
-0.060162
-0.05911087
-0.057752285
-0.056077052
-0.054075964
-0.051739827
-0.049059436
-0.04602559
-0.04262908
-0.038860723
-0.0347113
-0.03017162
-0.025232477
-0.019884672
-0.014119002
-0.007926268
-0.0012972673
0.005777201
0.013306338
0.021299345
0.029765423
0.038713776
0.048153598
0.0580941
0.06854447
0.07951392
0.09101166
0.10304687
0.11562876
0.11562876
0.10304687
0.09101166
0.07951392
0.06854447
0.0580941
0.048153598
0.038713776
0.029765423
0.021299345
0.013306338
0.005777201
-0.0012972673
-0.007926268
-0.014119002
-0.019884672
-0.025232477
-0.03017162
-0.0347113
-0.038860723
-0.04262908
-0.04602559
-0.049059436
-0.051739827
-0.054075964
-0.056077052
-0.057752285
-0.05911087
-0.060162
-0.06091489
-0.061378725
-0.06156272
-0.06147607
-0.061127976
-0.060527638
-0.05968426
-0.058607046
-0.05730519
-0.055787902
-0.054064374
-0.052143812
-0.050035417
-0.04774839
-0.045291934
-0.042675246
-0.03990753
-0.036997985
-0.033955816
-0.030790223
-0.027510405
-0.024125565
-0.020644903
-0.017077623
-0.013432923
-0.009720006
-0.0059480723
-0.0021263238
0.0017360384
0.0056298133
0.009545799
0.013474796
0.0174076
0.021335013
0.025247833
0.029136857
0.032992885
0.036806718
0.04056915
0.044270985
0.047903016
0.051456045
0.05492087
0.058288295
0.061549112
0.06469412
0.067714125
0.07059991
0.07334229
0.07593206
0.07836002
0.080616966
0.08269369
0.084581
0.08626969
0.08775056
0.08901442
0.090052046
0.09085426
0.09141184
0.0917156
0.09175633
0.09152483
0.091011904
0.09020835
0.089104965
0.087692544
0.08596189
0.083903804
0.081509076
0.078768514
0.07567292
0.072213076
0.06837979
0.06416386
0.0595561
0.054547284
0.049128227
0.04328972
0.037022565
0.03031756
0.023165504
0.015557196
0.007483434
-0.001064982
-0.010097254
-0.019622583
-0.02965017
-0.040189218
-0.051248927
-0.062838495
-0.07496713
-0.087644026
-0.10087839
-0.11467942
-0.12905632
-0.14401828
-0.15957452
-0.17573424
-0.027781002
-0.02447374
-0.021325227
-0.018332474
-0.015492496
-0.012802305
-0.010258914
-0.007859335
-0.005600582
-0.0034796665
-0.0014936023
0.00036059826
0.0020859223
0.0036853568
0.0051618894
0.006518507
0.007758197
0.008883947
0.009898743
0.010805572
0.011607423
0.012307283
0.012908137
0.013412975
0.013824782
0.014146547
0.014381256
0.014531896
0.014601456
0.01459292
0.014509279
0.014353517
0.0141286235
0.013837585
0.013483387
0.01306902
0.012597469
0.01207172
0.011494763
0.010869584
0.01019917
0.009486508
0.008734586
0.007946391
0.0071249097
0.0062731295
0.005394038
0.004490622
0.0035658688
0.0026227655
0.0016642996
0.0006934582
-0.00028677162
-0.0012734026
-0.0022634475
-0.0032539193
-0.00424183
-0.005224194
-0.0061980225
-0.0071603293
-0.008108127
-0.009038428
-0.009948244
-0.0108345905
-0.011694479
-0.012524921
-0.013322932
-0.014085523
-0.014809706
-0.015492496
-0.016130904
-0.016721943
-0.017262628
-0.017749969
-0.01818098
-0.018552674
-0.018862063
-0.01910616
-0.019281978
-0.01938653
-0.01941683
-0.019369887
-0.019242719
-0.019032333
-0.018735746
-0.01834997
-0.017872019
-0.017298901
-0.016627634
-0.015855229
-0.014978697
-0.013995053
-0.01290131
-0.011694479
-0.010371574
-0.008929607
-0.0073655928
-0.005676542
-0.0038594683
-0.0019113842
0.0001706974
0.0023897637
0.0047488017
0.007250799
0.009898743
0.012695619
0.015644416
0.018748123
0.022009723
0.025432207
0.029018559
0.032771766
0.03669482
0.040790703
0.045062408
0.049512915
0.054145217
0.058962297
0.063967146
0.06916275
0.07455209
0.08013816
0.08592395
0.09191244
0.09810662
0.10450948
0.11112401
0.11795318
