0.6478328
0.37564498
0.1744066
0.03508772
-0.05134159
-0.093911245
-0.101651184
-0.083591335
-0.04876161
-0.0061919503
0.03508772
0.066047475
0.07765738
0.06088751
0.0067079463
-0.093911245
-0.90552974
-0.19238046
0.284455
0.55917794
0.6659895
0.63909113
0.5126839
0.32096928
0.09814837
-0.12157751
-0.30400708
-0.4149391
-0.42017233
-0.28550544
0.023262814
0.5403337
0.5403337
0.023262814
-0.28550544
-0.42017233
-0.4149391
-0.30400708
-0.12157751
0.09814837
0.32096928
0.5126839
0.63909113
0.6659895
0.55917794
0.284455
-0.19238046
-0.90552974
-0.093911245
0.0067079463
0.06088751
0.07765738
0.066047475
0.03508772
-0.0061919503
-0.04876161
-0.083591335
-0.101651184
-0.093911245
-0.05134159
0.03508772
0.1744066
0.37564498
0.6478328
