0.39906418
0.31016043
0.23262031
0.1657754
0.108957216
0.061497327
0.022727273
-0.00802139
-0.031417113
-0.04812834
-0.05882353
-0.06417112
-0.06483957
-0.061497327
-0.054812834
-0.045454547
-0.03409091
-0.021390375
-0.00802139
0.0053475937
0.018048128
0.029411765
0.038770054
0.045454547
0.04879679
0.04812834
0.04278075
0.03208556
0.015374332
-0.00802139
-0.038770054
-0.07754011
-0.5806224
-0.36103684
-0.17569073
-0.022345668
0.10123676
0.19729495
0.26806733
0.3157923
0.34270826
0.35105363
0.3430668
0.32098624
0.28705028
0.24349734
0.19256587
0.13649425
0.0775209
0.017884217
-0.040177383
-0.09442549
-0.14262171
-0.1825276
-0.2119048
-0.22851487
-0.23011939
-0.21448
-0.17935824
-0.12251572
-0.041714046
0.065285206
0.20072044
0.36683005
0.36683005
0.20072044
0.065285206
-0.041714046
-0.12251572
-0.17935824
-0.21448
-0.23011939
-0.22851487
-0.2119048
-0.1825276
-0.14262171
-0.09442549
-0.040177383
0.017884217
0.0775209
0.13649425
0.19256587
0.24349734
0.28705028
0.32098624
0.3430668
0.35105363
0.34270826
0.3157923
0.26806733
0.19729495
0.10123676
-0.022345668
-0.17569073
-0.36103684
-0.5806224
-0.07754011
-0.038770054
-0.00802139
0.015374332
0.03208556
0.04278075
0.04812834
0.04879679
0.045454547
0.038770054
0.029411765
0.018048128
0.0053475937
-0.00802139
-0.021390375
-0.03409091
-0.045454547
-0.054812834
-0.061497327
-0.06483957
-0.06417112
-0.05882353
-0.04812834
-0.031417113
-0.00802139
0.022727273
0.061497327
0.108957216
0.1657754
0.23262031
0.31016043
0.39906418
