0.22285643
0.1973698
0.17349441
0.15118463
0.13039479
0.111079216
0.09319226
0.07668824
0.0615215
0.047646385
0.035017222
0.023588352
0.013314111
0.0041488362
-0.0039531365
-0.01103747
-0.017149828
-0.022335874
-0.026641268
-0.03011168
-0.032792766
-0.034730196
-0.035969626
-0.03655673
-0.036537156
-0.03595658
-0.034860663
-0.03329506
-0.031305447
-0.028937481
-0.026236823
-0.023249138
-0.020020092
-0.016595345
-0.013020561
-0.009341405
-0.0056035384
-0.0018526249
0.0018656716
0.0055056885
0.009021762
0.012368229
0.015499426
0.01836969
0.020933358
0.023144765
0.024958251
0.02632815
0.0272088
0.027554534
0.027319696
0.026458615
0.024925634
0.022675086
0.01966131
0.01583864
0.011161413
0.0055839685
-0.00093935913
-0.0084542325
-0.017006315
-0.026641268
-0.03740476
-0.04934245
-0.3296009
-0.26843274
-0.21189791
-0.15985188
-0.11215012
-0.06864814
-0.029201401
0.006334595
0.03810437
0.06625244
0.090923324
0.112261534
0.13041158
0.14551799
0.15772529
0.16717796
0.17402054
0.17839755
0.1804535
0.1803329
0.17818026
0.17414011
0.16835697
0.16097535
0.15213975
0.14199471
0.13068475
0.11835435
0.105148055
0.09121037
0.076685816
0.06171891
0.046454165
0.031036096
0.015609219
0.0003180516
-0.014692891
-0.029279094
-0.04329604
-0.05659921
-0.0690441
-0.08048618
-0.090780936
-0.09978386
-0.10735043
-0.11333614
-0.117596455
-0.11998688
-0.12036288
-0.118579954
-0.11449358
-0.10795924
-0.09883242
-0.08696861
-0.07222328
-0.054451935
-0.03351004
-0.009253087
0.01846344
0.049784057
0.084853284
0.12381563
0.16681561
0.21399775
0.21399775
0.16681561
0.12381563
0.084853284
0.049784057
0.01846344
-0.009253087
-0.03351004
-0.054451935
-0.07222328
-0.08696861
-0.09883242
-0.10795924
-0.11449358
-0.118579954
-0.12036288
-0.11998688
-0.117596455
-0.11333614
-0.10735043
-0.09978386
-0.090780936
-0.08048618
-0.0690441
-0.05659921
-0.04329604
-0.029279094
-0.014692891
0.0003180516
0.015609219
0.031036096
0.046454165
0.06171891
0.076685816
0.09121037
0.105148055
0.11835435
0.13068475
0.14199471
0.15213975
0.16097535
0.16835697
0.17414011
0.17818026
0.1803329
0.1804535
0.17839755
0.17402054
0.16717796
0.15772529
0.14551799
0.13041158
0.112261534
0.090923324
0.06625244
0.03810437
0.006334595
-0.029201401
-0.06864814
-0.11215012
-0.15985188
-0.21189791
-0.26843274
-0.3296009
-0.04934245
-0.03740476
-0.026641268
-0.017006315
-0.0084542325
-0.00093935913
0.0055839685
0.011161413
0.01583864
0.01966131
0.022675086
0.024925634
0.026458615
0.027319696
0.027554534
0.0272088
0.02632815
0.024958251
0.023144765
0.020933358
0.01836969
0.015499426
0.012368229
0.009021762
0.0055056885
0.0018656716
-0.0018526249
-0.0056035384
-0.009341405
-0.013020561
-0.016595345
-0.020020092
-0.023249138
-0.026236823
-0.028937481
-0.031305447
-0.03329506
-0.034860663
-0.03595658
-0.036537156
-0.03655673
-0.035969626
-0.034730196
-0.032792766
-0.03011168
-0.026641268
-0.022335874
-0.017149828
-0.01103747
-0.0039531365
0.0041488362
0.013314111
0.023588352
0.035017222
0.047646385
0.0615215
0.07668824
0.09319226
0.111079216
0.13039479
0.15118463
0.17349441
0.1973698
0.22285643
