0.33762452
0.27683747
0.2222678
0.17361996
0.1305984
0.09290757
0.060251918
0.032335892
0.008863942
-0.010459483
-0.025929933
-0.037842963
-0.046494115
-0.05217895
-0.055193014
-0.055831857
-0.05439103
-0.051166087
-0.046452574
-0.04054605
-0.03374205
-0.026336145
-0.018623874
-0.010900789
-0.0034624424
0.0033956151
0.0093904305
0.014427546
0.018557608
0.021834996
0.024314087
0.026049262
0.0270949
0.02750538
0.02733508
0.02663838
0.025469657
0.023883292
0.021933665
0.019675154
0.017162139
0.014448995
0.011590105
0.008639847
0.0056526
0.0026827431
-0.00021534487
-0.0029872847
-0.0055786977
-0.007935204
-0.010002426
-0.011726087
-0.013073986
-0.014063173
-0.014717356
-0.01506025
-0.015115564
-0.01490701
-0.0144583
-0.013793145
-0.012935257
-0.011908347
-0.010736126
-0.009442307
-0.0080506
-0.0065847174
-0.00506837
-0.0035252697
-0.001979128
-0.0004536562
0.0010274341
0.0024404316
0.0037616247
0.0049673016
0.0060337516
0.0069372626
0.007654123
0.008163951
0.008470966
0.008590412
0.008537591
0.0083278
0.007976337
0.0074985004
0.0069095893
0.006224901
0.0054597347
0.004629389
0.0037491615
0.0028343513
0.0019002563
0.0009621752
3.540631e-5
-0.000864752
-0.0017230012
-0.0025240432
-0.0032525791
-0.0038933111
-0.0044309404
-0.0048501687
-0.0051356973
-0.0052722283
-0.005244849
-0.0050536226
-0.0047180727
-0.00425902
-0.0036972882
-0.0030536982
-0.0023490726
-0.0016042335
-0.0008400031
-7.720341e-5
0.0006633433
0.0013608149
0.0019943893
0.0025432443
0.0029865578
0.0033035076
0.0034732716
0.0034750276
0.0032879536
0.0028912274
0.0022640266
0.0013855294
0.00023491339
-0.0012086434
-0.0029659632
-0.005057868
-0.20419353
-0.13238387
-0.069556504
-0.015245111
0.031016614
0.06969498
0.1012563
0.12616688
0.14489304
0.15790106
0.1656573
0.16862802
0.16727954
0.1620782
0.15349028
0.1419821
0.12801996
0.11207017
0.09459906
0.076072924
0.056958076
0.037720818
0.018827466
0.0007443285
-0.016062286
-0.031126067
-0.04400236
-0.054570567
-0.06295954
-0.06930453
-0.073740825
-0.07640368
-0.07742836
-0.076950155
-0.0751043
-0.07202609
-0.067850776
-0.06271364
-0.05674993
-0.050094925
-0.04288389
-0.035252098
-0.027334811
-0.019267298
-0.011184826
-0.0032226618
0.0044839256
0.01179967
0.018589303
0.024717556
0.030049164
0.034449123
0.037838873
0.040265754
0.041794155
0.042488467
0.042413067
0.041632343
0.040210687
0.038212474
0.0357021
0.032743942
0.029402392
0.02574183
0.021826647
0.017721225
0.0134899495
0.009197208
0.0049073854
0.0006848669
-0.0034059617
-0.007300715
-0.010935008
-0.014244453
-0.017164666
-0.019631263
-0.021579854
-0.022955177
-0.02376935
-0.024064707
-0.02388371
-0.023268834
-0.022262547
-0.02090732
-0.019245623
-0.017319923
-0.015172695
-0.012846406
-0.010383524
-0.007826523
-0.0052178698
-0.0026000359
-1.5490577e-5
0.002493296
0.004883854
0.007113714
0.009140405
0.010921458
0.012414402
0.013576768
0.0143660875
0.014739888
0.014656773
0.014117044
0.013175173
0.011889249
0.010317363
0.008517605
0.006548066
0.0044668363
0.0023320066
0.00020166727
-0.0018660913
-0.0038131785
-0.005581504
-0.007112977
-0.008349507
-0.009233004
-0.009705378
-0.009708536
-0.00918439
-0.008074849
-0.006321822
-0.003867218
-0.00065294787
0.0033790797
0.008286955
0.014128769
0.11279812
0.06818818
0.0302361
-0.0014383076
-0.027215216
-0.047474798
-0.06259723
-0.072962694
-0.07895136
-0.08094339
-0.079318985
-0.07445831
-0.066741526
-0.056548834
-0.04426039
-0.030256378
-0.01491697
0.0013776551
0.018247325
0.035311863
0.05219109
0.06850484
0.08387292
0.09791518
0.11025142
0.12050148
0.12830481
0.13359465
0.13653038
0.1372772
0.1360003
0.1328649
0.1280362
0.12167938
0.11395965
0.10504221
0.09509227
0.084275015
0.07275566
0.06069939
0.048271414
0.03563693
0.022961142
0.010409245
-0.0018535568
-0.013662064
-0.024851078
-0.0352554
-0.04470982
-0.05304915
-0.060108185
-0.06572208
-0.06980118
-0.07242359
-0.07369014
-0.07370162
-0.07255884
-0.07036263
-0.06721378
-0.06321311
-0.05846143
-0.053059552
-0.047108278
-0.040708426
-0.033960804
-0.02696622
-0.019825486
-0.012639414
-0.0055088117
0.0014655092
0.008182739
0.0145420665
0.020442683
0.025783777
0.03046454
0.034384158
0.037441824
0.039551366
0.0407348
0.041062634
0.04060561
0.03943446
0.03761992
0.035232726
0.032343622
0.02902334
0.025342617
0.02137219
0.017182797
0.0128451735
0.008430058
0.0040081856
-0.00034970584
-0.0045728795
-0.008590599
-0.012332126
-0.015726725
-0.018703658
-0.02119219
-0.02312158
-0.024421098
-0.02502
-0.024849353
-0.023910211
-0.022294547
-0.020100411
-0.017425854
-0.014368923
-0.011027673
-0.007500151
-0.003884408
-0.00027849354
0.0032195419
0.006511648
0.009499775
0.012085873
0.014171892
0.015659781
0.01645149
0.016448969
0.015554169
0.013669039
0.010695528
0.006535588
0.0010911671
-0.005735784
-0.014043315
-0.023929479
-0.0530422
-0.031365134
-0.013093413
0.0019803166
0.0140634
0.023363188
0.030087028
0.03444227
0.03663626
0.03687635
0.035369888
0.03232422
0.027946701
0.022444673
0.016025487
0.008896493
0.0012650396
-0.0066615255
-0.014675854
-0.022570595
-0.030138401
-0.037171923
-0.043463815
-0.048806723
-0.0529933
-0.055816203
-0.05707995
-0.056766715
-0.054995432
-0.051888555
-0.04756853
-0.04215781
-0.03577884
-0.028554073
-0.020605959
-0.012056948
-0.0030294897
0.006353966
0.01597097
0.02569907
0.035415817
0.04499876
0.054325454
0.063273445
0.07172028
0.079543516
0.0866207
0.092829384
0.09804711
0.10215144
0.10501991
0.10653038
0.10662472
0.105387636
0.10292314
0.09933527
0.094728045
0.089205496
0.082871646
0.07583053
0.06818616
0.06004256
0.051503774
0.04267382
0.03365672
0.024556506
0.015477202
0.006522834
-0.0022025725
-0.01059499
-0.018550394
-0.025964756
-0.03273405
-0.038754255
-0.043921337
-0.048131272
-0.051280037
-0.05327994
-0.054164022
-0.054019444
-0.052933607
-0.05099393
-0.048287824
-0.044902693
-0.040925954
-0.03644501
-0.031547282
-0.026320172
-0.020851096
-0.015227463
-0.009536684
-0.0038661675
0.0016966735
0.0070644286
0.012149688
0.01686504
0.021123074
0.02483638
0.027917547
0.030279165
0.03183382
0.03249411
0.03217488
0.030879298
0.0287252
0.025838094
0.022343494
0.018366905
0.01403384
0.009469807
0.0048003155
0.00015087491
-0.0043530054
-0.008585816
-0.012422048
-0.01573619
-0.018402735
-0.020296173
-0.021290993
-0.021261686
-0.020082746
-0.017628659
-0.013773918
-0.008393013
-0.0013604342
0.007449327
0.018161781
0.030902436
0.030902436
0.018161781
0.007449327
-0.0013604342
-0.008393013
-0.013773918
-0.017628659
-0.020082746
-0.021261686
-0.021290993
-0.020296173
-0.018402735
-0.01573619
-0.012422048
-0.008585816
-0.0043530054
0.00015087491
0.0048003155
0.009469807
0.01403384
0.018366905
0.022343494
0.025838094
0.0287252
0.030879298
0.03217488
0.03249411
0.03183382
0.030279165
0.027917547
0.02483638
0.021123074
0.01686504
0.012149688
0.0070644286
0.0016966735
-0.0038661675
-0.009536684
-0.015227463
-0.020851096
-0.026320172
-0.031547282
-0.03644501
-0.040925954
-0.044902693
-0.048287824
-0.05099393
-0.052933607
-0.054019444
-0.054164022
-0.05327994
-0.051280037
-0.048131272
-0.043921337
-0.038754255
-0.03273405
-0.025964756
-0.018550394
-0.01059499
-0.0022025725
0.006522834
0.015477202
0.024556506
0.03365672
0.04267382
0.051503774
0.06004256
0.06818616
0.07583053
0.082871646
0.089205496
0.094728045
0.09933527
0.10292314
0.105387636
0.10662472
0.10653038
0.10501991
0.10215144
0.09804711
0.092829384
0.0866207
0.079543516
0.07172028
0.063273445
0.054325454
0.04499876
0.035415817
0.02569907
0.01597097
0.006353966
-0.0030294897
-0.012056948
-0.020605959
-0.028554073
-0.03577884
-0.04215781
-0.04756853
-0.051888555
-0.054995432
-0.056766715
-0.05707995
-0.055816203
-0.0529933
-0.048806723
-0.043463815
-0.037171923
-0.030138401
-0.022570595
-0.014675854
-0.0066615255
0.0012650396
0.008896493
0.016025487
0.022444673
0.027946701
0.03232422
0.035369888
0.03687635
0.03663626
0.03444227
0.030087028
0.023363188
0.0140634
0.0019803166
-0.013093413
-0.031365134
-0.0530422
-0.023929479
-0.014043315
-0.005735784
0.0010911671
0.006535588
0.010695528
0.013669039
0.015554169
0.016448969
0.01645149
0.015659781
0.014171892
0.012085873
0.009499775
0.006511648
0.0032195419
-0.00027849354
-0.003884408
-0.007500151
-0.011027673
-0.014368923
-0.017425854
-0.020100411
-0.022294547
-0.023910211
-0.024849353
-0.02502
-0.024421098
-0.02312158
-0.02119219
-0.018703658
-0.015726725
-0.012332126
-0.008590599
-0.0045728795
-0.00034970584
0.0040081856
0.008430058
0.0128451735
0.017182797
0.02137219
0.025342617
0.02902334
0.032343622
0.035232726
0.03761992
0.03943446
0.04060561
0.041062634
0.0407348
0.039551366
0.037441824
0.034384158
0.03046454
0.025783777
0.020442683
0.0145420665
0.008182739
0.0014655092
-0.0055088117
-0.012639414
-0.019825486
-0.02696622
-0.033960804
-0.040708426
-0.047108278
-0.053059552
-0.05846143
-0.06321311
-0.06721378
-0.07036263
-0.07255884
-0.07370162
-0.07369014
-0.07242359
-0.06980118
-0.06572208
-0.060108185
-0.05304915
-0.04470982
-0.0352554
-0.024851078
-0.013662064
-0.0018535568
0.010409245
0.022961142
0.03563693
0.048271414
0.06069939
0.07275566
0.084275015
0.09509227
0.10504221
0.11395965
0.12167938
0.1280362
0.1328649
0.1360003
0.1372772
0.13653038
0.13359465
0.12830481
0.12050148
0.11025142
0.09791518
0.08387292
0.06850484
0.05219109
0.035311863
0.018247325
0.0013776551
-0.01491697
-0.030256378
-0.04426039
-0.056548834
-0.066741526
-0.07445831
-0.079318985
-0.08094339
-0.07895136
-0.072962694
-0.06259723
-0.047474798
-0.027215216
-0.0014383076
0.0302361
0.06818818
0.11279812
0.014128769
0.008286955
0.0033790797
-0.00065294787
-0.003867218
-0.006321822
-0.008074849
-0.00918439
-0.009708536
-0.009705378
-0.009233004
-0.008349507
-0.007112977
-0.005581504
-0.0038131785
-0.0018660913
0.00020166727
0.0023320066
0.0044668363
0.006548066
0.008517605
0.010317363
0.011889249
0.013175173
0.014117044
0.014656773
0.014739888
0.0143660875
0.013576768
0.012414402
0.010921458
0.009140405
0.007113714
0.004883854
0.002493296
-1.5490577e-5
-0.0026000359
-0.0052178698
-0.007826523
-0.010383524
-0.012846406
-0.015172695
-0.017319923
-0.019245623
-0.02090732
-0.022262547
-0.023268834
-0.02388371
-0.024064707
-0.02376935
-0.022955177
-0.021579854
-0.019631263
-0.017164666
-0.014244453
-0.010935008
-0.007300715
-0.0034059617
0.0006848669
0.0049073854
0.009197208
0.0134899495
0.017721225
0.021826647
0.02574183
0.029402392
0.032743942
0.0357021
0.038212474
0.040210687
0.041632343
0.042413067
0.042488467
0.041794155
0.040265754
0.037838873
0.034449123
0.030049164
0.024717556
0.018589303
0.01179967
0.0044839256
-0.0032226618
-0.011184826
-0.019267298
-0.027334811
-0.035252098
-0.04288389
-0.050094925
-0.05674993
-0.06271364
-0.067850776
-0.07202609
-0.0751043
-0.076950155
-0.07742836
-0.07640368
-0.073740825
-0.06930453
-0.06295954
-0.054570567
-0.04400236
-0.031126067
-0.016062286
0.0007443285
0.018827466
0.037720818
0.056958076
0.076072924
0.09459906
0.11207017
0.12801996
0.1419821
0.15349028
0.1620782
0.16727954
0.16862802
0.1656573
0.15790106
0.14489304
0.12616688
0.1012563
0.06969498
0.031016614
-0.015245111
-0.069556504
-0.13238387
-0.20419353
-0.005057868
-0.0029659632
-0.0012086434
0.00023491339
0.0013855294
0.0022640266
0.0028912274
0.0032879536
0.0034750276
0.0034732716
0.0033035076
0.0029865578
0.0025432443
0.0019943893
0.0013608149
0.0006633433
-7.720341e-5
-0.0008400031
-0.0016042335
-0.0023490726
-0.0030536982
-0.0036972882
-0.00425902
-0.0047180727
-0.0050536226
-0.005244849
-0.0052722283
-0.0051356973
-0.0048501687
-0.0044309404
-0.0038933111
-0.0032525791
-0.0025240432
-0.0017230012
-0.000864752
3.540631e-5
0.0009621752
0.0019002563
0.0028343513
0.0037491615
0.004629389
0.0054597347
0.006224901
0.0069095893
0.0074985004
0.007976337
0.0083278
0.008537591
0.008590412
0.008470966
0.008163951
0.007654123
0.0069372626
0.0060337516
0.0049673016
0.0037616247
0.0024404316
0.0010274341
-0.0004536562
-0.001979128
-0.0035252697
-0.00506837
-0.0065847174
-0.0080506
-0.009442307
-0.010736126
-0.011908347
-0.012935257
-0.013793145
-0.0144583
-0.01490701
-0.015115564
-0.01506025
-0.014717356
-0.014063173
-0.013073986
-0.011726087
-0.010002426
-0.007935204
-0.0055786977
-0.0029872847
-0.00021534487
0.0026827431
0.0056526
0.008639847
0.011590105
0.014448995
0.017162139
0.019675154
0.021933665
0.023883292
0.025469657
0.02663838
0.02733508
0.02750538
0.0270949
0.026049262
0.024314087
0.021834996
0.018557608
0.014427546
0.0093904305
0.0033956151
-0.0034624424
-0.010900789
-0.018623874
-0.026336145
-0.03374205
-0.04054605
-0.046452574
-0.051166087
-0.05439103
-0.055831857
-0.055193014
-0.05217895
-0.046494115
-0.037842963
-0.025929933
-0.010459483
0.008863942
0.032335892
0.060251918
0.09290757
0.1305984
0.17361996
0.2222678
0.27683747
0.33762452
