0.9781966
0.08614294
-0.10045224
-0.0007017132
0.046151284
0.020341767
-0.018025685
-0.02291749
-0.0045840545
0.012653219
0.011018537
-0.0010814505
-0.008694485
-0.002297168
0.0059184516
-0.001668535
-0.40629056
1.276935
0.75436586
-0.28593424
-0.53106475
-0.16877718
0.23801391
0.26535007
0.04509714
-0.15192308
-0.12903576
0.013845751
0.102661006
0.02688991
-0.06982643
0.019693391
0.19844893
-0.6838742
0.11287287
1.0346189
0.9151409
0.13961115
-0.51894987
-0.49636838
-0.06385874
0.29851785
0.24545315
-0.029349389
-0.19743331
-0.0511216
0.1341451
-0.037853304
-0.08934565
0.31440157
-0.10287994
-0.46904668
-0.1555711
0.4916111
0.8829483
0.61226183
0.006864687
-0.4225572
-0.32038
0.048772052
0.26521268
0.066639885
-0.17971101
0.050779566
0.050779566
-0.17971101
0.066639885
0.26521268
0.048772052
-0.32038
-0.4225572
0.006864687
0.61226183
0.8829483
0.4916111
-0.1555711
-0.46904668
-0.10287994
0.31440157
-0.08934565
-0.037853304
0.1341451
-0.0511216
-0.19743331
-0.029349389
0.24545315
0.29851785
-0.06385874
-0.49636838
-0.51894987
0.13961115
0.9151409
1.0346189
0.11287287
-0.6838742
0.19844893
0.019693391
-0.06982643
0.02688991
0.102661006
0.013845751
-0.12903576
-0.15192308
0.04509714
0.26535007
0.23801391
-0.16877718
-0.53106475
-0.28593424
0.75436586
1.276935
-0.40629056
-0.001668535
0.0059184516
-0.002297168
-0.008694485
-0.0010814505
0.011018537
0.012653219
-0.0045840545
-0.02291749
-0.018025685
0.020341767
0.046151284
-0.0007017132
-0.10045224
0.08614294
0.9781966
