0.8205265
0.32167244
0.030170064
-0.10094097
-0.118620984
-0.0698303
-0.001529218
0.044030298
0.059394065
0.052704357
0.032177012
0.0060278736
-0.01752722
-0.030694889
-0.032003004
-0.024845567
-0.012741738
0.00078931573
0.0122284265
0.01811763
0.017378217
0.012022195
0.0042681424
-0.003665368
-0.009559763
-0.011203129
-0.0077956123
-0.0016878479
0.004343247
0.0075207553
0.00506776
-0.0057926564
-0.45705235
0.2789915
0.6014643
0.6175766
0.43453932
0.15956302
-0.10014155
-0.24936202
-0.2815612
-0.22994642
-0.12791243
-0.008854011
0.09383407
0.14853421
0.15022048
0.114337355
0.05685582
-0.006253112
-0.059018433
-0.085749924
-0.08167316
-0.05619369
-0.019664742
0.017560456
0.045128677
0.052717887
0.036618553
0.007874519
-0.02047414
-0.035387352
-0.023825042
0.02725286
0.24637409
-0.19742754
-0.3240147
-0.22670843
0.0011702125
0.26630017
0.47536042
0.5467295
0.48525327
0.33453256
0.13835093
-0.059508014
-0.21526067
-0.28767234
-0.27364698
-0.19944783
-0.092093356
0.02139797
0.114007704
0.15920453
0.14939466
0.10158491
0.034426175
-0.033430662
-0.083334714
-0.0966917
-0.066909984
-0.014177433
0.03769466
0.064895004
0.043612294
-0.04996476
-0.11469238
0.09803545
0.14946985
0.09134396
-0.024609122
-0.14665629
-0.22306444
-0.20933674
-0.11445712
0.028620295
0.18682832
0.32709974
0.41636735
0.4237787
0.35162073
0.227691
0.08044338
-0.061668288
-0.17019019
-0.21722333
-0.19644001
-0.12953429
-0.040072948
0.04837721
0.11224938
0.12804976
0.0877591
0.017883934
-0.050397653
-0.08590757
-0.05746773
0.066099964
0.066099964
-0.05746773
-0.08590757
-0.050397653
0.017883934
0.0877591
0.12804976
0.11224938
0.04837721
-0.040072948
-0.12953429
-0.19644001
-0.21722333
-0.17019019
-0.061668288
0.08044338
0.227691
0.35162073
0.4237787
0.41636735
0.32709974
0.18682832
0.028620295
-0.11445712
-0.20933674
-0.22306444
-0.14665629
-0.024609122
0.09134396
0.14946985
0.09803545
-0.11469238
-0.04996476
0.043612294
0.064895004
0.03769466
-0.014177433
-0.066909984
-0.0966917
-0.083334714
-0.033430662
0.034426175
0.10158491
0.14939466
0.15920453
0.114007704
0.02139797
-0.092093356
-0.19944783
-0.27364698
-0.28767234
-0.21526067
-0.059508014
0.13835093
0.33453256
0.48525327
0.5467295
0.47536042
0.26630017
0.0011702125
-0.22670843
-0.3240147
-0.19742754
0.24637409
0.02725286
-0.023825042
-0.035387352
-0.02047414
0.007874519
0.036618553
0.052717887
0.045128677
0.017560456
-0.019664742
-0.05619369
-0.08167316
-0.085749924
-0.059018433
-0.006253112
0.05685582
0.114337355
0.15022048
0.14853421
0.09383407
-0.008854011
-0.12791243
-0.22994642
-0.2815612
-0.24936202
-0.10014155
0.15956302
0.43453932
0.6175766
0.6014643
0.2789915
-0.45705235
-0.0057926564
0.00506776
0.0075207553
0.004343247
-0.0016878479
-0.0077956123
-0.011203129
-0.009559763
-0.003665368
0.0042681424
0.012022195
0.017378217
0.01811763
0.0122284265
0.00078931573
-0.012741738
-0.024845567
-0.032003004
-0.030694889
-0.01752722
0.0060278736
0.032177012
0.052704357
0.059394065
0.044030298
-0.001529218
-0.0698303
-0.118620984
-0.10094097
0.030170064
0.32167244
0.8205265
