0.565315
0.37190396
0.21841314
0.10082891
0.015137598
-0.042674426
-0.0766208
-0.09071518
-0.0889712
-0.075402506
-0.054022733
-0.028845534
-0.0038845479
0.016897192
0.031504188
0.040496826
0.044606317
0.044563856
0.04110066
0.03494792
0.02683685
0.017498652
0.00766453
-0.0019343105
-0.010566665
-0.01750133
-0.02209658
-0.024372011
-0.024643626
-0.023228822
-0.020445
-0.016609557
-0.012039893
-0.007053408
-0.0019675002
0.002900431
0.007232986
0.010712766
0.013023066
0.013994301
0.013785127
0.012598617
0.010637841
0.008105871
0.00520578
0.0021406363
-0.0008864868
-0.0036725188
-0.0060143876
-0.007709023
-0.008553353
-0.008361256
-0.0072002355
-0.0053330353
-0.00302742
-0.000551156
0.0018279913
0.0038422565
0.0052238735
0.005705077
0.0050181015
0.0028951813
-0.00093144935
-0.0067295562
-0.3364629
-0.0897247
0.092876844
0.21847798
0.29421493
0.32722396
0.32464126
0.29360312
0.24124573
0.17470536
0.10111823
0.02762058
-0.038651355
-0.09066012
-0.12520835
-0.1440871
-0.14942084
-0.143334
-0.12795104
-0.105396375
-0.07779448
-0.047269788
-0.015946744
0.014050201
0.0405966
0.061568014
0.07510771
0.08133755
0.081266195
0.07590651
0.066271335
0.053373538
0.038225964
0.021841465
0.005232896
-0.010586889
-0.02460504
-0.0358087
-0.043187257
-0.046203945
-0.04537926
-0.04137673
-0.034859896
-0.026492301
-0.016937478
-0.006858966
0.0030796963
0.012214972
0.019883322
0.025421208
0.028165093
0.02750699
0.023670135
0.017517636
0.009929063
0.0017839838
-0.006038031
-0.012657413
-0.017194593
-0.018770002
-0.01650407
-0.009517227
0.0030700944
0.022137463
0.18496118
0.03242682
-0.07188563
-0.13393366
-0.15967476
-0.15506643
-0.12606615
-0.0786314
-0.018719692
0.047711495
0.11470467
0.17630234
0.22654702
0.25957316
0.27309042
0.26945263
0.25132406
0.22136894
0.18225148
0.13663597
0.08718664
0.036567725
-0.012556531
-0.057521883
-0.09566409
-0.124318905
-0.14118877
-0.14668602
-0.14243764
-0.1300763
-0.1112347
-0.08754553
-0.060641468
-0.032155212
-0.0037194493
0.02303313
0.04646984
0.06495799
0.07686859
0.08135591
0.0793218
0.07190458
0.06024254
0.045474008
0.028737284
0.011170681
-0.0060874913
-0.021898923
-0.035125308
-0.044628333
-0.049269687
-0.048007097
-0.04123523
-0.030454913
-0.01719543
-0.0029860598
0.010643912
0.022165203
0.03004853
0.032764614
0.028784167
0.01657791
-0.005383439
-0.038629163
-0.08675829
-0.012878962
0.03635034
0.064198196
0.0739332
0.06882392
0.05213894
0.02714685
-0.0028837712
-0.03468434
-0.06498628
-0.090521
-0.10801992
-0.11427054
-0.1082405
-0.09172949
-0.06672651
-0.03522053
0.00079947297
0.039344516
0.078425616
0.116053805
0.1502401
0.17899549
0.20033105
0.21225776
0.21310128
0.20351258
0.18518485
0.15981618
0.12910467
0.094748415
0.05844551
0.021894064
-0.013207835
-0.045162085
-0.07227059
-0.09283525
-0.10516212
-0.10843833
-0.103816755
-0.092716254
-0.0765557
-0.056753956
-0.03472988
-0.011902337
0.010309808
0.030487692
0.047212448
0.05906522
0.06462713
0.062601514
0.053519774
0.039320625
0.021978967
0.0034697119
-0.014232237
-0.029151974
-0.03931459
-0.042745184
-0.037468847
-0.021510672
0.007104247
0.050350815
0.050350815
0.007104247
-0.021510672
-0.037468847
-0.042745184
-0.03931459
-0.029151974
-0.014232237
0.0034697119
0.021978967
0.039320625
0.053519774
0.062601514
0.06462713
0.05906522
0.047212448
0.030487692
0.010309808
-0.011902337
-0.03472988
-0.056753956
-0.0765557
-0.092716254
-0.103816755
-0.10843833
-0.10516212
-0.09283525
-0.07227059
-0.045162085
-0.013207835
0.021894064
0.05844551
0.094748415
0.12910467
0.15981618
0.18518485
0.20351258
0.21310128
0.21225776
0.20033105
0.17899549
0.1502401
0.116053805
0.078425616
0.039344516
0.00079947297
-0.03522053
-0.06672651
-0.09172949
-0.1082405
-0.11427054
-0.10801992
-0.090521
-0.06498628
-0.03468434
-0.0028837712
0.02714685
0.05213894
0.06882392
0.0739332
0.064198196
0.03635034
-0.012878962
-0.08675829
-0.038629163
-0.005383439
0.01657791
0.028784167
0.032764614
0.03004853
0.022165203
0.010643912
-0.0029860598
-0.01719543
-0.030454913
-0.04123523
-0.048007097
-0.049269687
-0.044628333
-0.035125308
-0.021898923
-0.0060874913
0.011170681
0.028737284
0.045474008
0.06024254
0.07190458
0.0793218
0.08135591
0.07686859
0.06495799
0.04646984
0.02303313
-0.0037194493
-0.032155212
-0.060641468
-0.08754553
-0.1112347
-0.1300763
-0.14243764
-0.14668602
-0.14118877
-0.124318905
-0.09566409
-0.057521883
-0.012556531
0.036567725
0.08718664
0.13663597
0.18225148
0.22136894
0.25132406
0.26945263
0.27309042
0.25957316
0.22654702
0.17630234
0.11470467
0.047711495
-0.018719692
-0.0786314
-0.12606615
-0.15506643
-0.15967476
-0.13393366
-0.07188563
0.03242682
0.18496118
0.022137463
0.0030700944
-0.009517227
-0.01650407
-0.018770002
-0.017194593
-0.012657413
-0.006038031
0.0017839838
0.009929063
0.017517636
0.023670135
0.02750699
0.028165093
0.025421208
0.019883322
0.012214972
0.0030796963
-0.006858966
-0.016937478
-0.026492301
-0.034859896
-0.04137673
-0.04537926
-0.046203945
-0.043187257
-0.0358087
-0.02460504
-0.010586889
0.005232896
0.021841465
0.038225964
0.053373538
0.066271335
0.07590651
0.081266195
0.08133755
0.07510771
0.061568014
0.0405966
0.014050201
-0.015946744
-0.047269788
-0.07779448
-0.105396375
-0.12795104
-0.143334
-0.14942084
-0.1440871
-0.12520835
-0.09066012
-0.038651355
0.02762058
0.10111823
0.17470536
0.24124573
0.29360312
0.32464126
0.32722396
0.29421493
0.21847798
0.092876844
-0.0897247
-0.3364629
-0.0067295562
-0.00093144935
0.0028951813
0.0050181015
0.005705077
0.0052238735
0.0038422565
0.0018279913
-0.000551156
-0.00302742
-0.0053330353
-0.0072002355
-0.008361256
-0.008553353
-0.007709023
-0.0060143876
-0.0036725188
-0.0008864868
0.0021406363
0.00520578
0.008105871
0.010637841
0.012598617
0.013785127
0.013994301
0.013023066
0.010712766
0.007232986
0.002900431
-0.0019675002
-0.007053408
-0.012039893
-0.016609557
-0.020445
-0.023228822
-0.024643626
-0.024372011
-0.02209658
-0.01750133
-0.010566665
-0.0019343105
0.00766453
0.017498652
0.02683685
0.03494792
0.04110066
0.044563856
0.044606317
0.040496826
0.031504188
0.016897192
-0.0038845479
-0.028845534
-0.054022733
-0.075402506
-0.0889712
-0.09071518
-0.0766208
-0.042674426
0.015137598
0.10082891
0.21841314
0.37190396
0.565315
